7.740553087387525e-08 4.468997971684985e-08 1.0
7.740505481024229e-08 4.469024972308944e-08 1.0
7.740553087387525e-08 4.468997971684985e-08 1.0
7.740553087387525e-08 4.468997971684985e-08 1.0
7.740553087387525e-08 4.468997971684985e-08 1.0
7.740553087387525e-08 4.468997971684985e-08 1.0
-0.0 1.9073486612342094e-07 1.0
-3.8702857807493274e-08 6.703503174776415e-08 1.0
3.870286136020695e-08 -6.703503885319151e-08 -1.0
-3.8702857807493274e-08 -6.703503174776415e-08 -1.0
-3.8702857807493274e-08 -6.703503174776415e-08 -1.0
0.0 1.9073486612342094e-07 1.0
7.740553087387525e-08 4.468997971684985e-08 1.0
7.740505481024229e-08 4.469024972308944e-08 1.0
7.740553087387525e-08 4.468997971684985e-08 1.0
7.740553087387525e-08 4.468997971684985e-08 1.0
7.740553087387525e-08 4.468997971684985e-08 1.0
7.740553087387525e-08 4.468997971684985e-08 1.0
-0.0 1.9073486612342094e-07 1.0
-3.8702857807493274e-08 6.703503174776415e-08 1.0
3.870286136020695e-08 -6.703503885319151e-08 -1.0
-3.8702857807493274e-08 -6.703503174776415e-08 -1.0
-3.8702857807493274e-08 -6.703503174776415e-08 -1.0
0.0 1.9073486612342094e-07 1.0
0.0 0.0 1.0
-0.0 0.0 1.0
0.0 0.0 1.0
-0.0 0.0 1.0
7.740563034985826e-08 4.469003656026871e-08 1.0
-1.2625056555748415e-08 7.913300947848256e-08 1.0
0.0 1.9073486612342094e-07 1.0
-3.8702680171809334e-08 6.703519517259338e-08 1.0
3.8702676619095655e-08 -6.703518806716602e-08 -1.0
-3.8702680171809334e-08 -6.703519517259338e-08 -1.0
-3.8702680171809334e-08 -6.703519517259338e-08 -1.0
0.0 1.9073486612342094e-07 1.0
0.0 0.0 1.0
-0.0 0.0 1.0
0.0 0.0 1.0
-0.0 0.0 1.0
7.740563034985826e-08 4.469003656026871e-08 1.0
-1.2625056555748415e-08 7.913300947848256e-08 1.0
0.0 1.9073486612342094e-07 1.0
-3.8702680171809334e-08 6.703519517259338e-08 1.0
3.8702676619095655e-08 -6.703518806716602e-08 -1.0
-3.8702680171809334e-08 -6.703519517259338e-08 -1.0
-3.8702680171809334e-08 -6.703519517259338e-08 -1.0
0.0 1.9073486612342094e-07 1.0
7.740553087387525e-08 4.468997971684985e-08 1.0
7.740505481024229e-08 4.469024972308944e-08 1.0
7.740553087387525e-08 4.468997971684985e-08 1.0
7.740553087387525e-08 4.468997971684985e-08 1.0
7.740553087387525e-08 4.468997971684985e-08 1.0
7.740553087387525e-08 4.468997971684985e-08 1.0
-0.0 1.9073486612342094e-07 1.0
-3.8702857807493274e-08 6.703503174776415e-08 1.0
3.870286136020695e-08 -6.703503885319151e-08 -1.0
-3.8702857807493274e-08 -6.703503174776415e-08 -1.0
-3.8702857807493274e-08 -6.703503174776415e-08 -1.0
0.0 1.9073486612342094e-07 1.0
0.0 0.0 1.0
-0.0 0.0 1.0
0.0 0.0 1.0
-0.0 0.0 1.0
7.740563034985826e-08 4.469003656026871e-08 1.0
-1.2625056555748415e-08 7.913300947848256e-08 1.0
0.0 1.9073486612342094e-07 1.0
-3.8702680171809334e-08 6.703519517259338e-08 1.0
3.8702676619095655e-08 -6.703518806716602e-08 -1.0
-3.8702680171809334e-08 -6.703519517259338e-08 -1.0
-3.8702680171809334e-08 -6.703519517259338e-08 -1.0
0.0 1.9073486612342094e-07 1.0
7.74054385033196e-08 4.4689926426144666e-08 1.0
7.740449348148104e-08 4.469046999133752e-08 1.0
7.74054385033196e-08 4.4689926426144666e-08 1.0
7.74054385033196e-08 4.4689926426144666e-08 1.0
7.74054385033196e-08 4.4689926426144666e-08 1.0
7.74054385033196e-08 4.4689926426144666e-08 1.0
-0.0 1.9073486612342094e-07 1.0
-3.870303899589089e-08 6.703487542836228e-08 1.0
3.870303899589089e-08 -6.703487542836228e-08 -1.0
-3.870303899589089e-08 -6.703487542836228e-08 -1.0
-3.870303899589089e-08 -6.703487542836228e-08 -1.0
0.0 1.9073486612342094e-07 1.0
7.74054385033196e-08 4.4689926426144666e-08 1.0
7.740449348148104e-08 4.469046999133752e-08 1.0
-3.814682258962421e-07 2.2024190116098907e-07 1.0
-3.814682258962421e-07 2.2024190116098907e-07 1.0
-3.814682258962421e-07 2.2024190116098907e-07 1.0
7.74054385033196e-08 4.4689926426144666e-08 1.0
-0.0 0.0 1.0
0.0 0.0 1.0
3.870303899589089e-08 -6.703487542836228e-08 -1.0
0.0 -0.0 -1.0
-3.870303899589089e-08 -6.703487542836228e-08 -1.0
-0.0 0.0 1.0
7.74054385033196e-08 4.4689926426144666e-08 1.0
7.740563034985826e-08 4.469003656026871e-08 1.0
-1.262504412125054e-08 7.913301658390992e-08 1.0
7.740563034985826e-08 4.469003656026871e-08 1.0
7.740563034985826e-08 4.469003656026871e-08 1.0
-1.262504412125054e-08 7.913301658390992e-08 1.0
0.0 1.9073486612342094e-07 1.0
-3.870303899589089e-08 6.703487542836228e-08 1.0
3.8702676619095655e-08 -6.703518806716602e-08 -1.0
-3.8702680171809334e-08 -6.703519517259338e-08 -1.0
-3.8702680171809334e-08 -6.703519517259338e-08 -1.0
0.0 1.9073486612342094e-07 1.0
7.74054385033196e-08 4.4689926426144666e-08 1.0
7.740563034985826e-08 4.469003656026871e-08 1.0
-1.262504412125054e-08 7.913301658390992e-08 1.0
7.740563034985826e-08 4.469003656026871e-08 1.0
7.740563034985826e-08 4.469003656026871e-08 1.0
-1.262504412125054e-08 7.913301658390992e-08 1.0
0.0 1.9073486612342094e-07 1.0
-3.870303899589089e-08 6.703487542836228e-08 1.0
3.8702676619095655e-08 -6.703518806716602e-08 -1.0
-3.8702680171809334e-08 -6.703519517259338e-08 -1.0
-3.8702680171809334e-08 -6.703519517259338e-08 -1.0
0.0 1.9073486612342094e-07 1.0
7.74054385033196e-08 4.4689926426144666e-08 1.0
7.740449348148104e-08 4.469046999133752e-08 1.0
7.74054385033196e-08 4.4689926426144666e-08 1.0
7.74054385033196e-08 4.4689926426144666e-08 1.0
7.74054385033196e-08 4.4689926426144666e-08 1.0
7.74054385033196e-08 4.4689926426144666e-08 1.0
-0.0 1.9073486612342094e-07 1.0
-3.870303899589089e-08 6.703487542836228e-08 1.0
3.870303899589089e-08 -6.703487542836228e-08 -1.0
-3.870303899589089e-08 -6.703487542836228e-08 -1.0
-3.870303899589089e-08 -6.703487542836228e-08 -1.0
0.0 1.9073486612342094e-07 1.0
7.74054385033196e-08 4.4689926426144666e-08 1.0
7.740449348148104e-08 4.469046999133752e-08 1.0
7.74054385033196e-08 4.4689926426144666e-08 1.0
7.74054385033196e-08 4.4689926426144666e-08 1.0
7.74054385033196e-08 4.4689926426144666e-08 1.0
7.74054385033196e-08 4.4689926426144666e-08 1.0
-0.0 1.9073486612342094e-07 1.0
-3.870303899589089e-08 6.703487542836228e-08 1.0
3.870303899589089e-08 -6.703487542836228e-08 -1.0
-3.870303899589089e-08 -6.703487542836228e-08 -1.0
-3.870303899589089e-08 -6.703487542836228e-08 -1.0
0.0 1.9073486612342094e-07 1.0
0.0 0.0 1.0
-0.0 0.0 1.0
0.0 0.0 1.0
-0.0 0.0 1.0
7.740563034985826e-08 4.469003656026871e-08 1.0
-1.2625056555748415e-08 7.913300947848256e-08 1.0
0.0 1.9073486612342094e-07 1.0
-3.8702680171809334e-08 6.703519517259338e-08 1.0
3.8702676619095655e-08 -6.703518806716602e-08 -1.0
-3.8702680171809334e-08 -6.703519517259338e-08 -1.0
-3.8702680171809334e-08 -6.703519517259338e-08 -1.0
0.0 1.9073486612342094e-07 1.0
7.74054385033196e-08 4.4689926426144666e-08 1.0
7.740449348148104e-08 4.469046999133752e-08 1.0
7.74054385033196e-08 4.4689926426144666e-08 1.0
7.74054385033196e-08 4.4689926426144666e-08 1.0
7.74054385033196e-08 4.4689926426144666e-08 1.0
7.74054385033196e-08 4.4689926426144666e-08 1.0
-0.0 1.9073486612342094e-07 1.0
-3.870303899589089e-08 6.703487542836228e-08 1.0
3.870303899589089e-08 -6.703487542836228e-08 -1.0
-3.870303899589089e-08 -6.703487542836228e-08 -1.0
-3.870303899589089e-08 -6.703487542836228e-08 -1.0
0.0 1.9073486612342094e-07 1.0
7.74054385033196e-08 4.4689926426144666e-08 1.0
7.740563034985826e-08 4.469003656026871e-08 1.0
-1.262504412125054e-08 7.913301658390992e-08 1.0
7.740563034985826e-08 4.469003656026871e-08 1.0
7.740563034985826e-08 4.469003656026871e-08 1.0
-1.262504412125054e-08 7.913301658390992e-08 1.0
0.0 1.9073486612342094e-07 1.0
-3.870303899589089e-08 6.703487542836228e-08 1.0
3.8702676619095655e-08 -6.703518806716602e-08 -1.0
-3.8702680171809334e-08 -6.703519517259338e-08 -1.0
-3.8702680171809334e-08 -6.703519517259338e-08 -1.0
0.0 1.9073486612342094e-07 1.0
7.74054385033196e-08 4.4689926426144666e-08 1.0
7.740449348148104e-08 4.469046999133752e-08 1.0
7.74054385033196e-08 4.4689926426144666e-08 1.0
7.74054385033196e-08 4.4689926426144666e-08 1.0
7.74054385033196e-08 4.4689926426144666e-08 1.0
7.74054385033196e-08 4.4689926426144666e-08 1.0
-0.0 1.9073486612342094e-07 1.0
-3.870303899589089e-08 6.703487542836228e-08 1.0
3.870303899589089e-08 -6.703487542836228e-08 -1.0
-3.870303899589089e-08 -6.703487542836228e-08 -1.0
-3.870303899589089e-08 -6.703487542836228e-08 -1.0
0.0 1.9073486612342094e-07 1.0
7.74054385033196e-08 4.4689926426144666e-08 1.0
7.740563034985826e-08 4.469003656026871e-08 1.0
-1.262504412125054e-08 7.913301658390992e-08 1.0
7.740563034985826e-08 4.469003656026871e-08 1.0
7.740563034985826e-08 4.469003656026871e-08 1.0
-1.262504412125054e-08 7.913301658390992e-08 1.0
0.0 1.9073486612342094e-07 1.0
-3.870303899589089e-08 6.703487542836228e-08 1.0
3.8702676619095655e-08 -6.703518806716602e-08 -1.0
-3.8702680171809334e-08 -6.703519517259338e-08 -1.0
-3.8702680171809334e-08 -6.703519517259338e-08 -1.0
0.0 1.9073486612342094e-07 1.0
7.74054385033196e-08 4.4689926426144666e-08 1.0
7.740449348148104e-08 4.469046999133752e-08 1.0
7.74054385033196e-08 4.4689926426144666e-08 1.0
7.74054385033196e-08 4.4689926426144666e-08 1.0
7.74054385033196e-08 4.4689926426144666e-08 1.0
7.74054385033196e-08 4.4689926426144666e-08 1.0
-0.0 1.9073486612342094e-07 1.0
-3.870303899589089e-08 6.703487542836228e-08 1.0
3.870303899589089e-08 -6.703487542836228e-08 -1.0
-3.870303899589089e-08 -6.703487542836228e-08 -1.0
-3.870303899589089e-08 -6.703487542836228e-08 -1.0
0.0 1.9073486612342094e-07 1.0
7.74054385033196e-08 4.4689926426144666e-08 1.0
7.740449348148104e-08 4.469046999133752e-08 1.0
7.74054385033196e-08 4.4689926426144666e-08 1.0
7.74054385033196e-08 4.4689926426144666e-08 1.0
7.74054385033196e-08 4.4689926426144666e-08 1.0
7.74054385033196e-08 4.4689926426144666e-08 1.0
-0.0 1.9073486612342094e-07 1.0
-3.870303899589089e-08 6.703487542836228e-08 1.0
3.870303899589089e-08 -6.703487542836228e-08 -1.0
-3.870303899589089e-08 -6.703487542836228e-08 -1.0
-3.870303899589089e-08 -6.703487542836228e-08 -1.0
0.0 1.9073486612342094e-07 1.0
3.870303899589089e-08 6.703487542836228e-08 1.0
3.870303899589089e-08 6.703487542836228e-08 1.0
-3.8702680171809334e-08 6.703519517259338e-08 1.0
-3.8702857807493274e-08 6.703503174776415e-08 1.0
0.0 1.9073486612342094e-07 1.0
0.0 1.9073486612342094e-07 1.0
3.8702857807493274e-08 6.703503174776415e-08 1.0
3.8702676619095655e-08 6.703518806716602e-08 1.0
-3.870303899589089e-08 6.703487542836228e-08 1.0
-3.870303899589089e-08 6.703487542836228e-08 1.0
0.0 1.9073486612342094e-07 1.0
0.0 1.9073486612342094e-07 1.0
0.5410038828849792 0.3123503625392914 0.7808662056922913
0.541003942489624 -0.3123503029346466 0.7808662056922913
0.0 -0.6246950030326843 0.7808689475059509
0.541003942489624 -0.3123503029346466 0.7808662056922913
0.0 -0.6246950030326843 0.7808688879013062
-0.5410011410713196 -0.3123471140861511 0.7808694243431091
0.0 -0.6246949434280396 0.7808688879013062
-0.5410025119781494 -0.31234869360923767 0.7808679342269897
-0.5410024523735046 0.3123488128185272 0.780867874622345
-0.5410025715827942 -0.31234869360923767 0.780867874622345
-0.5410024523735046 0.3123488128185272 0.780867874622345
0.0 0.6246951222419739 0.7808687090873718
-0.5410009622573853 0.3123471736907959 0.7808694839477539
-3.8702680171809334e-08 6.703519517259338e-08 1.0
0.0 0.6246951222419739 0.7808687686920166
0.5410038828849792 0.3123503625392914 0.7808662056922913
0.0 0.6246951222419739 0.7808687090873718
0.5410038232803345 0.3123503625392914 0.7808662056922913
0.5410038828849792 -0.3123502731323242 0.7808662056922913
0.0 1.9073486612342094e-07 1.0
0.5410037636756897 0.3123503029346466 0.780866265296936
0.0 0.6246950626373291 0.7808688282966614
-0.5410009622573853 0.3123471438884735 0.7808695435523987
0.0 1.9073486612342094e-07 1.0
-0.5410011410713196 -0.3123471140861511 0.7808694243431091
0.0 -0.6246950030326843 0.7808688879013062
0.5410038828849792 -0.3123503029346466 0.7808662056922913
3.870303899589089e-08 6.703487542836228e-08 1.0
3.8702676619095655e-08 6.703518806716602e-08 1.0
-3.870303899589089e-08 6.703487542836228e-08 1.0
0.0 7.430303128330706e-08 1.0
-6.434835597701749e-08 3.715143392923892e-08 1.0
-0.0 8.938020101822985e-08 1.0
0.0 0.0 1.0
-1.3057191772247734e-08 8.184159838720007e-08 1.0
0.0 7.430303838873442e-08 1.0
0.0 7.430303128330706e-08 1.0
-6.434835597701749e-08 3.715143392923892e-08 1.0
-0.0 8.938020101822985e-08 1.0
-0.0 7.430303128330706e-08 1.0
-6.434835597701749e-08 3.715143392923892e-08 1.0
0.0 8.938020101822985e-08 1.0
0.0 7.430303128330706e-08 1.0
-6.434835597701749e-08 3.715143392923892e-08 1.0
-0.0 8.938020101822985e-08 1.0
-0.0 7.430303128330706e-08 1.0
-6.434835597701749e-08 3.715143392923892e-08 1.0
0.0 8.938020101822985e-08 1.0
0.0 1.9073486612342094e-07 1.0
-3.870286136020695e-08 6.703503885319151e-08 1.0
3.870286136020695e-08 -6.703503885319151e-08 -1.0
-3.870286136020695e-08 -6.703503885319151e-08 -1.0
-3.870286136020695e-08 -6.703503885319151e-08 -1.0
-0.0 1.9073486612342094e-07 1.0
0.0 7.430303128330706e-08 1.0
-6.434835597701749e-08 3.715143392923892e-08 1.0
-0.0 8.938020101822985e-08 1.0
0.0 0.0 1.0
-1.3057191772247734e-08 8.184159838720007e-08 1.0
0.0 7.430303838873442e-08 1.0
0.0 7.430303128330706e-08 1.0
-6.434835597701749e-08 3.715143392923892e-08 1.0
-0.0 8.938020101822985e-08 1.0
-0.0 7.430303128330706e-08 1.0
-6.434835597701749e-08 3.715143392923892e-08 1.0
0.0 8.938020101822985e-08 1.0
0.0 7.430303128330706e-08 1.0
-6.434835597701749e-08 3.715143392923892e-08 1.0
-0.0 8.938020101822985e-08 1.0
-0.0 7.430303128330706e-08 1.0
-6.434835597701749e-08 3.715143392923892e-08 1.0
0.0 8.938020101822985e-08 1.0
0.0 1.9073486612342094e-07 1.0
-3.870286136020695e-08 6.703503885319151e-08 1.0
3.870286136020695e-08 -6.703503885319151e-08 -1.0
-3.870286136020695e-08 -6.703503885319151e-08 -1.0
-3.870286136020695e-08 -6.703503885319151e-08 -1.0
-0.0 1.9073486612342094e-07 1.0
0.0 0.0 1.0
-0.0 8.938020101822985e-08 1.0
0.0 8.938020101822985e-08 1.0
0.0 0.0 1.0
0.0 8.938020101822985e-08 1.0
-0.0 8.938020101822985e-08 1.0
0.0 0.0 1.0
-0.0 8.938020101822985e-08 1.0
0.0 8.938020101822985e-08 1.0
0.0 0.0 1.0
0.0 8.938020101822985e-08 1.0
-0.0 8.938020101822985e-08 1.0
0.0 0.0 1.0
-1.3057191772247734e-08 8.184159838720007e-08 1.0
-0.0 7.430303838873442e-08 1.0
0.0 0.0 1.0
0.0 8.938020101822985e-08 1.0
7.740553087387525e-08 4.468997971684985e-08 1.0
0.0 1.9073486612342094e-07 1.0
-3.8702680171809334e-08 6.703519517259338e-08 1.0
3.8702680171809334e-08 -6.703519517259338e-08 -1.0
-3.8702680171809334e-08 -6.703519517259338e-08 -1.0
-3.8702680171809334e-08 -6.703519517259338e-08 -1.0
-0.0 1.9073486612342094e-07 1.0
0.0 0.0 1.0
-0.0 8.938020101822985e-08 1.0
0.0 8.938020101822985e-08 1.0
0.0 0.0 1.0
0.0 8.938020101822985e-08 1.0
-0.0 8.938020101822985e-08 1.0
0.0 0.0 1.0
-0.0 8.938020101822985e-08 1.0
0.0 8.938020101822985e-08 1.0
0.0 0.0 1.0
0.0 8.938020101822985e-08 1.0
-0.0 8.938020101822985e-08 1.0
0.0 0.0 1.0
-1.3057191772247734e-08 8.184159838720007e-08 1.0
-0.0 7.430303838873442e-08 1.0
0.0 0.0 1.0
0.0 8.938020101822985e-08 1.0
7.740553087387525e-08 4.468997971684985e-08 1.0
0.0 1.9073486612342094e-07 1.0
-3.8702680171809334e-08 6.703519517259338e-08 1.0
3.8702680171809334e-08 -6.703519517259338e-08 -1.0
-3.8702680171809334e-08 -6.703519517259338e-08 -1.0
-3.8702680171809334e-08 -6.703519517259338e-08 -1.0
-0.0 1.9073486612342094e-07 1.0
0.0 7.430303128330706e-08 1.0
-6.434835597701749e-08 3.715143392923892e-08 1.0
-0.0 8.938020101822985e-08 1.0
0.0 0.0 1.0
-1.3057191772247734e-08 8.184159838720007e-08 1.0
0.0 7.430303838873442e-08 1.0
0.0 7.430303128330706e-08 1.0
-6.434835597701749e-08 3.715143392923892e-08 1.0
-0.0 8.938020101822985e-08 1.0
-0.0 7.430303128330706e-08 1.0
-6.434835597701749e-08 3.715143392923892e-08 1.0
0.0 8.938020101822985e-08 1.0
0.0 7.430303128330706e-08 1.0
-6.434835597701749e-08 3.715143392923892e-08 1.0
-0.0 8.938020101822985e-08 1.0
-0.0 7.430303128330706e-08 1.0
-6.434835597701749e-08 3.715143392923892e-08 1.0
0.0 8.938020101822985e-08 1.0
0.0 1.9073486612342094e-07 1.0
-3.870286136020695e-08 6.703503885319151e-08 1.0
3.870286136020695e-08 -6.703503885319151e-08 -1.0
-3.870286136020695e-08 -6.703503885319151e-08 -1.0
-3.870286136020695e-08 -6.703503885319151e-08 -1.0
-0.0 1.9073486612342094e-07 1.0
0.0 0.0 1.0
-0.0 8.938020101822985e-08 1.0
0.0 8.938020101822985e-08 1.0
0.0 0.0 1.0
0.0 8.938020101822985e-08 1.0
-0.0 8.938020101822985e-08 1.0
0.0 0.0 1.0
-0.0 8.938020101822985e-08 1.0
0.0 8.938020101822985e-08 1.0
0.0 0.0 1.0
0.0 8.938020101822985e-08 1.0
-0.0 8.938020101822985e-08 1.0
0.0 0.0 1.0
-1.3057191772247734e-08 8.184159838720007e-08 1.0
-0.0 7.430303838873442e-08 1.0
0.0 0.0 1.0
0.0 8.938020101822985e-08 1.0
7.740553087387525e-08 4.468997971684985e-08 1.0
0.0 1.9073486612342094e-07 1.0
-3.8702680171809334e-08 6.703519517259338e-08 1.0
3.8702680171809334e-08 -6.703519517259338e-08 -1.0
-3.8702680171809334e-08 -6.703519517259338e-08 -1.0
-3.8702680171809334e-08 -6.703519517259338e-08 -1.0
-0.0 1.9073486612342094e-07 1.0
0.0 7.430303838873442e-08 1.0
-6.434828492274391e-08 3.715139484938845e-08 1.0
-0.0 8.938020101822985e-08 1.0
0.0 0.0 1.0
-1.3057176673214599e-08 8.184159838720007e-08 1.0
0.0 7.430303838873442e-08 1.0
0.0 7.430303838873442e-08 1.0
-6.434828492274391e-08 3.715139484938845e-08 1.0
-0.0 8.938020101822985e-08 1.0
-0.0 7.430303838873442e-08 1.0
-6.434828492274391e-08 3.715139484938845e-08 1.0
0.0 8.938020101822985e-08 1.0
0.0 7.430303838873442e-08 1.0
-6.434828492274391e-08 3.715139484938845e-08 1.0
-0.0 8.938020101822985e-08 1.0
-0.0 7.430303838873442e-08 1.0
-6.434828492274391e-08 3.715139484938845e-08 1.0
0.0 8.938020101822985e-08 1.0
0.0 1.9073486612342094e-07 1.0
-3.870303899589089e-08 6.703487542836228e-08 1.0
3.870303899589089e-08 -6.703487542836228e-08 -1.0
-3.870303899589089e-08 -6.703487542836228e-08 -1.0
-3.870303899589089e-08 -6.703487542836228e-08 -1.0
-0.0 1.9073486612342094e-07 1.0
0.0 7.430303838873442e-08 1.0
-6.434828492274391e-08 3.715139484938845e-08 1.0
-0.0 8.938020101822985e-08 1.0
0.0 0.0 1.0
-1.3057176673214599e-08 8.184159838720007e-08 1.0
0.0 7.430303838873442e-08 1.0
0.0 7.430303838873442e-08 1.0
3.171201683471736e-07 2.5739313969097566e-07 1.0
-0.0 0.0 1.0
-0.0 7.430303838873442e-08 1.0
3.171201683471736e-07 2.5739313969097566e-07 1.0
0.0 0.0 1.0
0.0 7.430303838873442e-08 1.0
3.171201683471736e-07 2.5739313969097566e-07 1.0
-0.0 0.0 1.0
-0.0 7.430303838873442e-08 1.0
-6.434828492274391e-08 3.715139484938845e-08 1.0
0.0 8.938020101822985e-08 1.0
0.0 0.0 1.0
0.0 0.0 1.0
3.870303899589089e-08 -6.703487542836228e-08 -1.0
0.0 0.0 -1.0
-3.870303899589089e-08 -6.703487542836228e-08 -1.0
-0.0 0.0 1.0
0.0 7.430303128330706e-08 1.0
-6.434841992586371e-08 3.7151473009089386e-08 1.0
-0.0 8.938020101822985e-08 1.0
0.0 0.0 1.0
-1.3057176673214599e-08 8.184159838720007e-08 1.0
0.0 7.430303838873442e-08 1.0
0.0 0.0 1.0
-0.0 8.938020101822985e-08 1.0
7.74054385033196e-08 4.4689926426144666e-08 1.0
0.0 0.0 1.0
-1.3057176673214599e-08 8.184159838720007e-08 1.0
0.0 7.430303838873442e-08 1.0
0.0 0.0 1.0
-1.3057176673214599e-08 8.184159838720007e-08 1.0
-0.0 7.430303838873442e-08 1.0
0.0 0.0 1.0
0.0 8.938020101822985e-08 1.0
7.74054385033196e-08 4.4689926426144666e-08 1.0
0.0 1.9073486612342094e-07 1.0
-3.8702680171809334e-08 6.703519517259338e-08 1.0
3.8702680171809334e-08 -6.703519517259338e-08 -1.0
-3.8702680171809334e-08 -6.703519517259338e-08 -1.0
-3.870303899589089e-08 -6.703487542836228e-08 -1.0
-0.0 1.9073486612342094e-07 1.0
0.0 7.430303128330706e-08 1.0
-6.434841992586371e-08 3.7151473009089386e-08 1.0
-0.0 8.938020101822985e-08 1.0
0.0 0.0 1.0
-1.3057176673214599e-08 8.184159838720007e-08 1.0
0.0 7.430303838873442e-08 1.0
0.0 0.0 1.0
-0.0 8.938020101822985e-08 1.0
7.74054385033196e-08 4.4689926426144666e-08 1.0
0.0 0.0 1.0
-1.3057176673214599e-08 8.184159838720007e-08 1.0
0.0 7.430303838873442e-08 1.0
0.0 0.0 1.0
-1.3057176673214599e-08 8.184159838720007e-08 1.0
-0.0 7.430303838873442e-08 1.0
0.0 0.0 1.0
0.0 8.938020101822985e-08 1.0
7.74054385033196e-08 4.4689926426144666e-08 1.0
0.0 1.9073486612342094e-07 1.0
-3.8702680171809334e-08 6.703519517259338e-08 1.0
3.8702680171809334e-08 -6.703519517259338e-08 -1.0
-3.8702680171809334e-08 -6.703519517259338e-08 -1.0
-3.870303899589089e-08 -6.703487542836228e-08 -1.0
-0.0 1.9073486612342094e-07 1.0
0.0 7.430303838873442e-08 1.0
-6.434828492274391e-08 3.715139484938845e-08 1.0
-0.0 8.938020101822985e-08 1.0
0.0 0.0 1.0
-1.3057176673214599e-08 8.184159838720007e-08 1.0
0.0 7.430303838873442e-08 1.0
0.0 7.430303838873442e-08 1.0
-6.434828492274391e-08 3.715139484938845e-08 1.0
-0.0 8.938020101822985e-08 1.0
-0.0 7.430303838873442e-08 1.0
-6.434828492274391e-08 3.715139484938845e-08 1.0
0.0 8.938020101822985e-08 1.0
0.0 7.430303838873442e-08 1.0
-6.434828492274391e-08 3.715139484938845e-08 1.0
-0.0 8.938020101822985e-08 1.0
-0.0 7.430303838873442e-08 1.0
-6.434828492274391e-08 3.715139484938845e-08 1.0
0.0 8.938020101822985e-08 1.0
0.0 1.9073486612342094e-07 1.0
-3.870303899589089e-08 6.703487542836228e-08 1.0
3.870303899589089e-08 -6.703487542836228e-08 -1.0
-3.870303899589089e-08 -6.703487542836228e-08 -1.0
-3.870303899589089e-08 -6.703487542836228e-08 -1.0
-0.0 1.9073486612342094e-07 1.0
0.0 7.430303838873442e-08 1.0
-6.434828492274391e-08 3.715139484938845e-08 1.0
-0.0 8.938020101822985e-08 1.0
0.0 0.0 1.0
-1.3057176673214599e-08 8.184159838720007e-08 1.0
0.0 7.430303838873442e-08 1.0
0.0 7.430303838873442e-08 1.0
-6.434828492274391e-08 3.715139484938845e-08 1.0
-0.0 8.938020101822985e-08 1.0
-0.0 7.430303838873442e-08 1.0
-6.434828492274391e-08 3.715139484938845e-08 1.0
0.0 8.938020101822985e-08 1.0
0.0 7.430303838873442e-08 1.0
-6.434828492274391e-08 3.715139484938845e-08 1.0
-0.0 8.938020101822985e-08 1.0
-0.0 7.430303838873442e-08 1.0
-6.434828492274391e-08 3.715139484938845e-08 1.0
0.0 8.938020101822985e-08 1.0
0.0 1.9073486612342094e-07 1.0
-3.870303899589089e-08 6.703487542836228e-08 1.0
3.870303899589089e-08 -6.703487542836228e-08 -1.0
-3.870303899589089e-08 -6.703487542836228e-08 -1.0
-3.870303899589089e-08 -6.703487542836228e-08 -1.0
-0.0 1.9073486612342094e-07 1.0
0.0 0.0 1.0
-0.0 8.938020101822985e-08 1.0
0.0 8.938020101822985e-08 1.0
0.0 0.0 1.0
0.0 8.938020101822985e-08 1.0
-0.0 8.938020101822985e-08 1.0
0.0 0.0 1.0
-0.0 8.938020101822985e-08 1.0
0.0 8.938020101822985e-08 1.0
0.0 0.0 1.0
0.0 8.938020101822985e-08 1.0
-0.0 8.938020101822985e-08 1.0
0.0 0.0 1.0
-1.3057191772247734e-08 8.184159838720007e-08 1.0
-0.0 7.430303838873442e-08 1.0
0.0 0.0 1.0
0.0 8.938020101822985e-08 1.0
7.740553087387525e-08 4.468997971684985e-08 1.0
0.0 1.9073486612342094e-07 1.0
-3.8702680171809334e-08 6.703519517259338e-08 1.0
3.8702680171809334e-08 -6.703519517259338e-08 -1.0
-3.8702680171809334e-08 -6.703519517259338e-08 -1.0
-3.8702680171809334e-08 -6.703519517259338e-08 -1.0
-0.0 1.9073486612342094e-07 1.0
0.0 7.430303838873442e-08 1.0
-6.434828492274391e-08 3.715139484938845e-08 1.0
-0.0 8.938020101822985e-08 1.0
0.0 0.0 1.0
-1.3057176673214599e-08 8.184159838720007e-08 1.0
0.0 7.430303838873442e-08 1.0
0.0 7.430303838873442e-08 1.0
-6.434828492274391e-08 3.715139484938845e-08 1.0
-0.0 8.938020101822985e-08 1.0
-0.0 7.430303838873442e-08 1.0
-6.434828492274391e-08 3.715139484938845e-08 1.0
0.0 8.938020101822985e-08 1.0
0.0 7.430303838873442e-08 1.0
-6.434828492274391e-08 3.715139484938845e-08 1.0
-0.0 8.938020101822985e-08 1.0
-0.0 7.430303838873442e-08 1.0
-6.434828492274391e-08 3.715139484938845e-08 1.0
0.0 8.938020101822985e-08 1.0
0.0 1.9073486612342094e-07 1.0
-3.870303899589089e-08 6.703487542836228e-08 1.0
3.870303899589089e-08 -6.703487542836228e-08 -1.0
-3.870303899589089e-08 -6.703487542836228e-08 -1.0
-3.870303899589089e-08 -6.703487542836228e-08 -1.0
-0.0 1.9073486612342094e-07 1.0
0.0 7.430303128330706e-08 1.0
-6.434841992586371e-08 3.7151473009089386e-08 1.0
-0.0 8.938020101822985e-08 1.0
0.0 0.0 1.0
-1.3057176673214599e-08 8.184159838720007e-08 1.0
0.0 7.430303838873442e-08 1.0
0.0 0.0 1.0
-0.0 8.938020101822985e-08 1.0
7.74054385033196e-08 4.4689926426144666e-08 1.0
0.0 0.0 1.0
-1.3057176673214599e-08 8.184159838720007e-08 1.0
0.0 7.430303838873442e-08 1.0
0.0 0.0 1.0
-1.3057176673214599e-08 8.184159838720007e-08 1.0
-0.0 7.430303838873442e-08 1.0
0.0 0.0 1.0
0.0 8.938020101822985e-08 1.0
7.74054385033196e-08 4.4689926426144666e-08 1.0
0.0 1.9073486612342094e-07 1.0
-3.8702680171809334e-08 6.703519517259338e-08 1.0
3.8702680171809334e-08 -6.703519517259338e-08 -1.0
-3.8702680171809334e-08 -6.703519517259338e-08 -1.0
-3.870303899589089e-08 -6.703487542836228e-08 -1.0
-0.0 1.9073486612342094e-07 1.0
0.0 7.430303838873442e-08 1.0
-6.434828492274391e-08 3.715139484938845e-08 1.0
-0.0 8.938020101822985e-08 1.0
0.0 0.0 1.0
-1.3057176673214599e-08 8.184159838720007e-08 1.0
0.0 7.430303838873442e-08 1.0
0.0 7.430303838873442e-08 1.0
-6.434828492274391e-08 3.715139484938845e-08 1.0
-0.0 8.938020101822985e-08 1.0
-0.0 7.430303838873442e-08 1.0
-6.434828492274391e-08 3.715139484938845e-08 1.0
0.0 8.938020101822985e-08 1.0
0.0 7.430303838873442e-08 1.0
-6.434828492274391e-08 3.715139484938845e-08 1.0
-0.0 8.938020101822985e-08 1.0
-0.0 7.430303838873442e-08 1.0
-6.434828492274391e-08 3.715139484938845e-08 1.0
0.0 8.938020101822985e-08 1.0
0.0 1.9073486612342094e-07 1.0
-3.870303899589089e-08 6.703487542836228e-08 1.0
3.870303899589089e-08 -6.703487542836228e-08 -1.0
-3.870303899589089e-08 -6.703487542836228e-08 -1.0
-3.870303899589089e-08 -6.703487542836228e-08 -1.0
-0.0 1.9073486612342094e-07 1.0
0.0 7.430303128330706e-08 1.0
-6.434841992586371e-08 3.7151473009089386e-08 1.0
-0.0 8.938020101822985e-08 1.0
0.0 0.0 1.0
-1.3057176673214599e-08 8.184159838720007e-08 1.0
0.0 7.430303838873442e-08 1.0
0.0 0.0 1.0
-0.0 8.938020101822985e-08 1.0
7.74054385033196e-08 4.4689926426144666e-08 1.0
0.0 0.0 1.0
-1.3057176673214599e-08 8.184159838720007e-08 1.0
0.0 7.430303838873442e-08 1.0
0.0 0.0 1.0
-1.3057176673214599e-08 8.184159838720007e-08 1.0
-0.0 7.430303838873442e-08 1.0
0.0 0.0 1.0
0.0 8.938020101822985e-08 1.0
7.74054385033196e-08 4.4689926426144666e-08 1.0
0.0 1.9073486612342094e-07 1.0
-3.8702680171809334e-08 6.703519517259338e-08 1.0
3.8702680171809334e-08 -6.703519517259338e-08 -1.0
-3.8702680171809334e-08 -6.703519517259338e-08 -1.0
-3.870303899589089e-08 -6.703487542836228e-08 -1.0
-0.0 1.9073486612342094e-07 1.0
0.0 7.430303838873442e-08 1.0
-6.434828492274391e-08 3.715139484938845e-08 1.0
-0.0 8.938020101822985e-08 1.0
0.0 0.0 1.0
-1.3057176673214599e-08 8.184159838720007e-08 1.0
0.0 7.430303838873442e-08 1.0
0.0 7.430303838873442e-08 1.0
-6.434828492274391e-08 3.715139484938845e-08 1.0
-0.0 8.938020101822985e-08 1.0
-0.0 7.430303838873442e-08 1.0
-6.434828492274391e-08 3.715139484938845e-08 1.0
0.0 8.938020101822985e-08 1.0
0.0 7.430303838873442e-08 1.0
-6.434828492274391e-08 3.715139484938845e-08 1.0
-0.0 8.938020101822985e-08 1.0
-0.0 7.430303838873442e-08 1.0
-6.434828492274391e-08 3.715139484938845e-08 1.0
0.0 8.938020101822985e-08 1.0
0.0 1.9073486612342094e-07 1.0
-3.870303899589089e-08 6.703487542836228e-08 1.0
3.870303899589089e-08 -6.703487542836228e-08 -1.0
-3.870303899589089e-08 -6.703487542836228e-08 -1.0
-3.870303899589089e-08 -6.703487542836228e-08 -1.0
-0.0 1.9073486612342094e-07 1.0
0.0 7.430303838873442e-08 1.0
-6.434828492274391e-08 3.715139484938845e-08 1.0
-0.0 8.938020101822985e-08 1.0
0.0 0.0 1.0
-1.3057176673214599e-08 8.184159838720007e-08 1.0
0.0 7.430303838873442e-08 1.0
0.0 7.430303838873442e-08 1.0
-6.434828492274391e-08 3.715139484938845e-08 1.0
-0.0 8.938020101822985e-08 1.0
-0.0 7.430303838873442e-08 1.0
-6.434828492274391e-08 3.715139484938845e-08 1.0
0.0 8.938020101822985e-08 1.0
0.0 7.430303838873442e-08 1.0
-6.434828492274391e-08 3.715139484938845e-08 1.0
-0.0 8.938020101822985e-08 1.0
-0.0 7.430303838873442e-08 1.0
-6.434828492274391e-08 3.715139484938845e-08 1.0
0.0 8.938020101822985e-08 1.0
0.0 1.9073486612342094e-07 1.0
-3.870303899589089e-08 6.703487542836228e-08 1.0
3.870303899589089e-08 -6.703487542836228e-08 -1.0
-3.870303899589089e-08 -6.703487542836228e-08 -1.0
-3.870303899589089e-08 -6.703487542836228e-08 -1.0
-0.0 1.9073486612342094e-07 1.0
3.870303899589089e-08 6.703487542836228e-08 1.0
3.870303899589089e-08 6.703487542836228e-08 1.0
-3.870222187174477e-08 6.703535149199524e-08 1.0
-3.870286136020695e-08 6.703503885319151e-08 1.0
0.0 1.9073486612342094e-07 1.0
0.0 1.9073486612342094e-07 1.0
3.870286136020695e-08 6.703503885319151e-08 1.0
3.870222187174477e-08 6.703535149199524e-08 1.0
-3.870303899589089e-08 6.703487542836228e-08 1.0
-3.870303899589089e-08 6.703487542836228e-08 1.0
0.0 1.9073486612342094e-07 1.0
0.0 1.9073486612342094e-07 1.0
0.5410038232803345 0.3123503625392914 0.7808662056922913
0.5410038828849792 -0.3123502731323242 0.7808662056922913
0.0 -0.6246950030326843 0.7808689475059509
0.5410038828849792 -0.3123502731323242 0.7808662056922913
0.0 -0.6246950030326843 0.7808688879013062
-0.5409969687461853 -0.3123462498188019 0.780872642993927
0.0 -0.6246949434280396 0.7808688879013062
-0.5410025715827942 -0.31234869360923767 0.780867874622345
-0.5410024523735046 0.3123488128185272 0.780867874622345
-0.5410025715827942 -0.31234869360923767 0.780867874622345
-0.5410024523735046 0.3123488128185272 0.780867874622345
0.0 0.6246951222419739 0.7808687090873718
-0.5409968495368958 0.31234633922576904 0.780872642993927
-3.870222187174477e-08 6.703535149199524e-08 1.0
0.0 0.6246951222419739 0.7808687686920166
0.5410038232803345 0.3123503625392914 0.7808662056922913
0.0 0.6246951222419739 0.7808687090873718
0.5410038232803345 0.3123503625392914 0.7808662056922913
0.5410038828849792 -0.3123502731323242 0.7808662056922913
0.0 1.9073486612342094e-07 1.0
0.5410037636756897 0.312350332736969 0.7808663249015808
0.0 0.6246950626373291 0.7808688282966614
-0.540996789932251 0.31234630942344666 0.7808727025985718
0.0 1.9073486612342094e-07 1.0
-0.540996789932251 -0.3123462200164795 0.7808728218078613
0.0 -0.6246950030326843 0.7808688879013062
0.5410037636756897 -0.31235018372535706 0.7808663249015808
3.870303899589089e-08 6.703487542836228e-08 1.0
3.870222187174477e-08 6.703535149199524e-08 1.0
-3.870303899589089e-08 6.703487542836228e-08 1.0
