3 4 5
9 10 11
15 16 17
21 22 23
27 28 29
33 34 35
30 24 29
14 20 19
2 32 1
27 21 22
3 9 10
11 17 6
39 40 41
45 46 47
51 52 53
57 58 59
63 64 65
69 70 71
66 60 65
50 56 55
38 68 37
63 57 58
39 45 46
47 53 42
76 77 73
82 83 79
88 89 85
94 95 91
99 100 101
103 105 107
101 107 96
85 91 86
73 103 104
100 94 99
82 76 81
83 89 78
112 113 109
118 119 115
124 125 121
130 131 127
135 136 137
139 141 143
137 143 132
121 127 122
109 139 140
136 130 135
118 112 117
119 125 114
147 148 149
153 154 155
159 160 161
165 166 167
171 172 173
177 178 179
174 168 173
158 164 163
146 176 145
171 165 166
147 153 154
155 161 150
184 185 181
190 191 187
196 197 193
202 203 199
207 208 209
211 213 215
209 215 204
193 199 194
181 211 212
208 202 207
190 184 189
191 197 186
219 220 221
225 226 227
231 232 233
237 238 239
243 244 245
249 250 251
246 240 245
230 236 235
218 248 217
243 237 238
219 225 226
227 233 222
255 256 257
261 262 263
267 268 269
273 274 275
279 280 281
285 286 287
282 276 281
266 272 271
254 284 253
279 273 274
255 261 262
263 269 258
291 292 293
297 298 299
301 303 305
309 310 311
315 316 317
319 321 323
317 323 312
302 308 307
289 319 320
316 310 315
291 297 298
299 305 294
327 328 329
333 334 335
337 339 341
345 346 347
351 352 353
355 357 359
353 359 348
338 344 343
325 355 356
352 346 351
327 333 334
335 341 330
363 364 365
369 370 371
375 376 377
381 382 383
387 388 389
393 394 395
390 384 389
374 380 379
362 392 361
387 381 382
363 369 370
371 377 366
399 400 401
405 406 407
411 412 413
417 418 419
423 424 425
429 430 431
426 420 425
410 416 415
398 428 397
423 417 418
399 405 406
407 413 402
436 437 433
442 443 439
448 449 445
454 455 451
459 460 461
463 465 467
461 467 456
445 451 446
433 463 464
460 454 459
442 436 441
443 449 438
471 472 473
477 478 479
483 484 485
489 490 491
495 496 497
501 502 503
498 492 497
482 488 487
470 500 469
495 489 490
471 477 478
479 485 474
507 508 509
513 514 515
517 519 521
525 526 527
531 532 533
535 537 539
533 539 528
518 524 523
505 535 536
532 526 531
507 513 514
515 521 510
543 544 545
549 550 551
555 556 557
561 562 563
567 568 569
573 574 575
570 564 569
554 560 559
542 572 541
567 561 562
543 549 550
551 557 546
579 580 581
585 586 587
589 591 593
597 598 599
603 604 605
607 609 611
605 611 600
590 596 595
577 607 608
604 598 603
579 585 586
587 593 582
615 616 617
621 622 623
627 628 629
633 634 635
639 640 641
645 646 647
642 636 641
626 632 631
614 644 613
639 633 634
615 621 622
623 629 618
651 652 653
657 658 659
663 664 665
669 670 671
675 676 677
681 682 683
678 672 677
662 668 667
650 680 649
675 669 670
651 657 658
659 665 654
591 681 592
555 609 556
439 565 440
458 152 151
41 167 36
5 59 0
142 16 15
394 124 123
368 350 349
422 332 331
401 635 396
617 671 612
638 296 295
430 304 303
311 329 306
358 232 231
239 365 234
115 241 116
95 113 90
98 8 7
51 105 52
43 205 44
159 213 160
185 455 180
502 448 447
187 493 188
473 563 468
602 476 475
509 599 504
511 673 512
519 645 520
293 527 288
530 260 259
257 491 252
286 196 195
77 203 72
79 277 80
221 275 216
267 321 268
483 537 484
250 88 87
314 224 223
5 0 3
0 1 3
1 2 3
11 6 7
7 8 11
8 9 11
17 12 15
12 13 15
13 14 15
23 18 21
18 19 21
19 20 21
29 24 27
24 25 27
25 26 27
35 30 33
30 31 33
31 32 33
30 35 24
14 13 20
2 31 32
27 28 21
3 4 9
11 12 17
41 36 39
36 37 39
37 38 39
47 42 43
43 44 47
44 45 47
53 48 51
48 49 51
49 50 51
59 54 57
54 55 57
55 56 57
65 60 63
60 61 63
61 62 63
71 66 69
66 67 69
67 68 69
66 71 60
50 49 56
38 67 68
63 64 57
39 40 45
47 48 53
77 72 73
73 74 75
75 76 73
83 78 79
79 80 81
81 82 79
89 84 85
85 86 87
87 88 85
95 90 91
91 92 93
93 94 91
101 96 97
97 98 101
98 99 101
107 102 103
103 104 105
105 106 107
101 102 107
85 92 91
73 74 103
100 93 94
82 75 76
83 84 89
113 108 109
109 110 111
111 112 109
119 114 115
115 116 117
117 118 115
125 120 121
121 122 123
123 124 121
131 126 127
127 128 129
129 130 127
137 132 133
133 134 137
134 135 137
143 138 139
139 140 141
141 142 143
137 138 143
121 128 127
109 110 139
136 129 130
118 111 112
119 120 125
149 144 147
144 145 147
145 146 147
155 150 151
151 152 155
152 153 155
161 156 159
156 157 159
157 158 159
167 162 165
162 163 165
163 164 165
173 168 171
168 169 171
169 170 171
179 174 177
174 175 177
175 176 177
174 179 168
158 157 164
146 175 176
171 172 165
147 148 153
155 156 161
185 180 181
181 182 183
183 184 181
191 186 187
187 188 189
189 190 187
197 192 193
193 194 195
195 196 193
203 198 199
199 200 201
201 202 199
209 204 205
205 206 209
206 207 209
215 210 211
211 212 213
213 214 215
209 210 215
193 200 199
181 182 211
208 201 202
190 183 184
191 192 197
221 216 219
216 217 219
217 218 219
227 222 223
223 224 227
224 225 227
233 228 231
228 229 231
229 230 231
239 234 237
234 235 237
235 236 237
245 240 243
240 241 243
241 242 243
251 246 249
246 247 249
247 248 249
246 251 240
230 229 236
218 247 248
243 244 237
219 220 225
227 228 233
257 252 255
252 253 255
253 254 255
263 258 259
259 260 263
260 261 263
269 264 267
264 265 267
265 266 267
275 270 273
270 271 273
271 272 273
281 276 279
276 277 279
277 278 279
287 282 285
282 283 285
283 284 285
282 287 276
266 265 272
254 283 284
279 280 273
255 256 261
263 264 269
293 288 291
288 289 291
289 290 291
299 294 295
295 296 299
296 297 299
305 300 301
301 302 303
303 304 305
311 306 307
307 308 311
308 309 311
317 312 313
313 314 317
314 315 317
323 318 319
319 320 321
321 322 323
317 318 323
302 301 308
289 290 319
316 309 310
291 292 297
299 300 305
329 324 327
324 325 327
325 326 327
335 330 331
331 332 335
332 333 335
341 336 337
337 338 339
339 340 341
347 342 343
343 344 347
344 345 347
353 348 349
349 350 353
350 351 353
359 354 355
355 356 357
357 358 359
353 354 359
338 337 344
325 326 355
352 345 346
327 328 333
335 336 341
365 360 363
360 361 363
361 362 363
371 366 367
367 368 371
368 369 371
377 372 375
372 373 375
373 374 375
383 378 381
378 379 381
379 380 381
389 384 387
384 385 387
385 386 387
395 390 393
390 391 393
391 392 393
390 395 384
374 373 380
362 391 392
387 388 381
363 364 369
371 372 377
401 396 399
396 397 399
397 398 399
407 402 403
403 404 407
404 405 407
413 408 411
408 409 411
409 410 411
419 414 417
414 415 417
415 416 417
425 420 423
420 421 423
421 422 423
431 426 429
426 427 429
427 428 429
426 431 420
410 409 416
398 427 428
423 424 417
399 400 405
407 408 413
437 432 433
433 434 435
435 436 433
443 438 439
439 440 441
441 442 439
449 444 445
445 446 447
447 448 445
455 450 451
451 452 453
453 454 451
461 456 457
457 458 461
458 459 461
467 462 463
463 464 465
465 466 467
461 462 467
445 452 451
433 434 463
460 453 454
442 435 436
443 444 449
473 468 471
468 469 471
469 470 471
479 474 475
475 476 479
476 477 479
485 480 483
480 481 483
481 482 483
491 486 489
486 487 489
487 488 489
497 492 495
492 493 495
493 494 495
503 498 501
498 499 501
499 500 501
498 503 492
482 481 488
470 499 500
495 496 489
471 472 477
479 480 485
509 504 507
504 505 507
505 506 507
515 510 511
511 512 515
512 513 515
521 516 517
517 518 519
519 520 521
527 522 523
523 524 527
524 525 527
533 528 529
529 530 533
530 531 533
539 534 535
535 536 537
537 538 539
533 534 539
518 517 524
505 506 535
532 525 526
507 508 513
515 516 521
545 540 543
540 541 543
541 542 543
551 546 547
547 548 551
548 549 551
557 552 555
552 553 555
553 554 555
563 558 561
558 559 561
559 560 561
569 564 567
564 565 567
565 566 567
575 570 573
570 571 573
571 572 573
570 575 564
554 553 560
542 571 572
567 568 561
543 544 549
551 552 557
581 576 579
576 577 579
577 578 579
587 582 583
583 584 587
584 585 587
593 588 589
589 590 591
591 592 593
599 594 595
595 596 599
596 597 599
605 600 601
601 602 605
602 603 605
611 606 607
607 608 609
609 610 611
605 606 611
590 589 596
577 578 607
604 597 598
579 580 585
587 588 593
617 612 615
612 613 615
613 614 615
623 618 619
619 620 623
620 621 623
629 624 627
624 625 627
625 626 627
635 630 633
630 631 633
631 632 633
641 636 639
636 637 639
637 638 639
647 642 645
642 643 645
643 644 645
642 647 636
626 625 632
614 643 644
639 640 633
615 616 621
623 624 629
653 648 651
648 649 651
649 650 651
659 654 655
655 656 659
656 657 659
665 660 663
660 661 663
661 662 663
671 666 669
666 667 669
667 668 669
677 672 675
672 673 675
673 674 675
683 678 681
678 679 681
679 680 681
678 683 672
662 661 668
650 679 680
675 676 669
651 652 657
659 660 665
591 682 681
555 610 609
439 566 565
458 457 152
41 162 167
5 54 59
142 141 16
394 393 124
368 367 350
422 421 332
401 630 635
617 666 671
638 637 296
430 429 304
311 324 329
358 357 232
239 360 365
115 242 241
95 108 113
98 97 8
51 106 105
43 206 205
159 214 213
185 450 455
502 501 448
187 494 493
473 558 563
602 601 476
509 594 599
511 674 673
519 646 645
293 522 527
530 529 260
257 486 491
286 285 196
77 198 203
79 278 277
221 270 275
267 322 321
483 538 537
250 249 88
314 313 224
