-214.86668395996094 288.67620849609375 -5.000174045562744
-213.61668395996094 290.8412780761719 -5.000174045562744
-219.77694702148438 301.5111389160156 -5.0001749992370605
-222.27694702148438 301.5111389160156 -5.0001749992370605
-228.4372100830078 290.8412780761719 -5.000174045562744
-227.1872100830078 288.67620849609375 -5.000174045562744
-238.0125274658203 304.92620849609375 -5.0001749992370605
-239.2625274658203 302.7611389160156 -5.0001749992370605
-233.10226440429688 292.0912780761719 -5.000174045562744
-230.60226440429688 292.0912780761719 -5.000174045562744
-224.44200134277344 302.7611389160156 -5.0001749992370605
-225.6920166015625 304.92620849609375 -5.0001749992370605
-225.69200134277344 307.42620849609375 -5.000175476074219
-224.44200134277344 309.5912780761719 -5.000175476074219
-230.60226440429688 320.2611389160156 -5.000176429748535
-233.10226440429688 320.2611389160156 -5.000176429748535
-239.2625274658203 309.5912780761719 -5.000175476074219
-238.0125274658203 307.42620849609375 -5.000175476074219
-227.1872100830078 323.67620849609375 -5.000176429748535
-228.4372100830078 321.5111389160156 -5.000176429748535
-222.27694702148438 310.8412780761719 -5.000175476074219
-219.77694702148438 310.8412780761719 -5.000175476074219
-213.61668395996094 321.5111389160156 -5.000176429748535
-214.86668395996094 323.67620849609375 -5.000176429748535
-204.04136657714844 307.42620849609375 -5.000175476074219
-202.79136657714844 309.5912780761719 -5.000175476074219
-208.95162963867188 320.2611389160156 -5.000176429748535
-211.45162963867188 320.2611389160156 -5.000176429748535
-217.6118927001953 309.5912780761719 -5.000175476074219
-216.3618927001953 307.42620849609375 -5.000175476074219
-216.3618927001953 304.92620849609375 -5.0001749992370605
-217.6118927001953 302.7611389160156 -5.0001749992370605
-211.45162963867188 292.0912780761719 -5.000174045562744
-208.95162963867188 292.0912780761719 -5.000174045562744
-202.79136657714844 302.7611389160156 -5.0001749992370605
-204.04136657714844 304.92620849609375 -5.0001749992370605
-214.86668395996094 251.17620849609375 -5.000171184539795
-213.61668395996094 253.34127807617188 -5.000171184539795
-219.77694702148438 264.0111389160156 -5.000172138214111
-222.27694702148438 264.0111389160156 -5.000172138214111
-228.4372100830078 253.34127807617188 -5.000171184539795
-227.1872100830078 251.17620849609375 -5.000171184539795
-238.0125274658203 267.42620849609375 -5.000172138214111
-239.2625274658203 265.2611389160156 -5.000172138214111
-233.10226440429688 254.59127807617188 -5.000171184539795
-230.60226440429688 254.59127807617188 -5.000171184539795
-224.44200134277344 265.2611389160156 -5.000172138214111
-225.6920166015625 267.42620849609375 -5.000172138214111
-225.69200134277344 269.92620849609375 -5.0001726150512695
-224.44200134277344 272.0912780761719 -5.0001726150512695
-230.60226440429688 282.7611389160156 -5.000173568725586
-233.10226440429688 282.7611389160156 -5.000173568725586
-239.2625274658203 272.0912780761719 -5.0001726150512695
-238.0125274658203 269.92620849609375 -5.0001726150512695
-227.1872100830078 286.17620849609375 -5.000173568725586
-228.4372100830078 284.0111389160156 -5.000173568725586
-222.27694702148438 273.3412780761719 -5.0001726150512695
-219.77694702148438 273.3412780761719 -5.0001726150512695
-213.61668395996094 284.0111389160156 -5.000173568725586
-214.86668395996094 286.17620849609375 -5.000173568725586
-204.04136657714844 269.92620849609375 -5.0001726150512695
-202.79136657714844 272.0912780761719 -5.0001726150512695
-208.95162963867188 282.7611389160156 -5.000173568725586
-211.45162963867188 282.7611389160156 -5.000173568725586
-217.6118927001953 272.0912780761719 -5.0001726150512695
-216.3618927001953 269.92620849609375 -5.0001726150512695
-216.3618927001953 267.42620849609375 -5.000172138214111
-217.6118927001953 265.2611389160156 -5.000172138214111
-211.45162963867188 254.59127807617188 -5.000171184539795
-208.95162963867188 254.59127807617188 -5.000171184539795
-202.79136657714844 265.2611389160156 -5.000172138214111
-204.04136657714844 267.42620849609375 -5.000172138214111
-247.3426513671875 269.92620849609375 -7.0001726150512695
-246.0926513671875 272.0912780761719 -7.0001726150512695
-252.25289916992188 282.7611389160156 -7.000173568725586
-254.75289916992188 282.7611389160156 -7.000173568725586
-260.91314697265625 272.0912780761719 -7.0001726150512695
-259.66314697265625 269.92620849609375 -7.0001726150512695
-270.48846435546875 286.17620849609375 -7.000173568725586
-271.73846435546875 284.0111389160156 -7.000173568725586
-265.5782165527344 273.3412780761719 -7.0001726150512695
-263.0782165527344 273.3412780761719 -7.0001726150512695
-256.91796875 284.0111389160156 -7.000173568725586
-258.16796875 286.17620849609375 -7.000173568725586
-258.16796875 288.67620849609375 -7.000174045562744
-256.91796875 290.8412780761719 -7.000174045562744
-263.0782165527344 301.5111389160156 -7.0001749992370605
-265.5782165527344 301.5111389160156 -7.0001749992370605
-271.73846435546875 290.8412780761719 -7.000174045562744
-270.48846435546875 288.67620849609375 -7.000174045562744
-259.66314697265625 304.92620849609375 -7.0001749992370605
-260.91314697265625 302.7611389160156 -7.0001749992370605
-254.75289916992188 292.0912780761719 -7.000174045562744
-252.25289916992188 292.0912780761719 -7.000174045562744
-246.0926513671875 302.7611389160156 -7.0001749992370605
-247.3426513671875 304.92620849609375 -7.0001749992370605
-236.51731872558594 288.67620849609375 -7.000174045562744
-235.26731872558594 290.8412780761719 -7.000174045562744
-241.42758178710938 301.5111389160156 -7.0001749992370605
-243.92758178710938 301.5111389160156 -7.0001749992370605
-250.08782958984375 290.8412780761719 -7.000174045562744
-248.83782958984375 288.67620849609375 -7.000174045562744
-248.8378448486328 286.17620849609375 -7.000173568725586
-250.08782958984375 284.0111389160156 -7.000173568725586
-243.92758178710938 273.3412780761719 -7.0001726150512695
-241.42758178710938 273.3412780761719 -7.0001726150512695
-235.26731872558594 284.0111389160156 -7.000173568725586
-236.51731872558594 286.17620849609375 -7.000173568725586
-247.3426513671875 307.42620849609375 -5.000175476074219
-246.0926513671875 309.5912780761719 -5.000175476074219
-252.25289916992188 320.2611389160156 -5.000176429748535
-254.75289916992188 320.2611389160156 -5.000176429748535
-260.91314697265625 309.5912780761719 -5.000175476074219
-259.66314697265625 307.42620849609375 -5.000175476074219
-270.48846435546875 323.67620849609375 -5.000176429748535
-271.73846435546875 321.5111389160156 -5.000176429748535
-265.5782165527344 310.8412780761719 -5.000175476074219
-263.0782165527344 310.8412780761719 -5.000175476074219
-256.91796875 321.5111389160156 -5.000176429748535
-258.16796875 323.67620849609375 -5.000176429748535
-258.16796875 326.17620849609375 -5.000176906585693
-256.91796875 328.3412780761719 -5.000176906585693
-263.0782165527344 339.0111389160156 -5.00017786026001
-265.5782165527344 339.0111389160156 -5.00017786026001
-271.73846435546875 328.3412780761719 -5.000176906585693
-270.48846435546875 326.17620849609375 -5.000176906585693
-259.66314697265625 342.42620849609375 -5.00017786026001
-260.91314697265625 340.2611389160156 -5.00017786026001
-254.75289916992188 329.5912780761719 -5.000176906585693
-252.25289916992188 329.5912780761719 -5.000176906585693
-246.0926513671875 340.2611389160156 -5.00017786026001
-247.3426513671875 342.42620849609375 -5.00017786026001
-236.51731872558594 326.17620849609375 -5.000176906585693
-235.26731872558594 328.3412780761719 -5.000176906585693
-241.42758178710938 339.0111389160156 -5.00017786026001
-243.92758178710938 339.0111389160156 -5.00017786026001
-250.08782958984375 328.3412780761719 -5.000176906585693
-248.83782958984375 326.17620849609375 -5.000176906585693
-248.8378448486328 323.67620849609375 -5.000176429748535
-250.08782958984375 321.5111389160156 -5.000176429748535
-243.92758178710938 310.8412780761719 -5.000175476074219
-241.42758178710938 310.8412780761719 -5.000175476074219
-235.26731872558594 321.5111389160156 -5.000176429748535
-236.51731872558594 323.67620849609375 -5.000176429748535
-214.86668395996094 213.67620849609375 -5.000168323516846
-213.61668395996094 215.84127807617188 -5.000168323516846
-219.77694702148438 226.51113891601562 -5.000169277191162
-222.27694702148438 226.51113891601562 -5.000169277191162
-228.4372100830078 215.84127807617188 -5.000168323516846
-227.1872100830078 213.67620849609375 -5.000168323516846
-238.0125274658203 229.92620849609375 -5.000169277191162
-239.2625274658203 227.76113891601562 -5.000169277191162
-233.10226440429688 217.09127807617188 -5.000168323516846
-230.60226440429688 217.09127807617188 -5.000168323516846
-224.44200134277344 227.76113891601562 -5.000169277191162
-225.6920166015625 229.92620849609375 -5.000169277191162
-225.69200134277344 232.42620849609375 -5.00016975402832
-224.44200134277344 234.59127807617188 -5.00016975402832
-230.60226440429688 245.26113891601562 -5.000170707702637
-233.10226440429688 245.26113891601562 -5.000170707702637
-239.2625274658203 234.59127807617188 -5.00016975402832
-238.0125274658203 232.42620849609375 -5.00016975402832
-227.1872100830078 248.67620849609375 -5.000170707702637
-228.4372100830078 246.51113891601562 -5.000170707702637
-222.27694702148438 235.84127807617188 -5.00016975402832
-219.77694702148438 235.84127807617188 -5.00016975402832
-213.61668395996094 246.51113891601562 -5.000170707702637
-214.86668395996094 248.67620849609375 -5.000170707702637
-204.04136657714844 232.42620849609375 -5.00016975402832
-202.79136657714844 234.59127807617188 -5.00016975402832
-208.95162963867188 245.26113891601562 -5.000170707702637
-211.45162963867188 245.26113891601562 -5.000170707702637
-217.6118927001953 234.59127807617188 -5.00016975402832
-216.3618927001953 232.42620849609375 -5.00016975402832
-216.3618927001953 229.92620849609375 -5.000169277191162
-217.6118927001953 227.76113891601562 -5.000169277191162
-211.45162963867188 217.09127807617188 -5.000168323516846
-208.95162963867188 217.09127807617188 -5.000168323516846
-202.79136657714844 227.76113891601562 -5.000169277191162
-204.04136657714844 229.92620849609375 -5.000169277191162
-247.3426513671875 232.42620849609375 -7.00016975402832
-246.0926513671875 234.59127807617188 -7.00016975402832
-252.25289916992188 245.26113891601562 -7.000170707702637
-254.75289916992188 245.26113891601562 -7.000170707702637
-260.91314697265625 234.59127807617188 -7.00016975402832
-259.66314697265625 232.42620849609375 -7.00016975402832
-270.48846435546875 248.67620849609375 -7.000170707702637
-271.73846435546875 246.51113891601562 -7.000170707702637
-265.5782165527344 235.84127807617188 -7.00016975402832
-263.0782165527344 235.84127807617188 -7.00016975402832
-256.91796875 246.51113891601562 -7.000170707702637
-258.16796875 248.67620849609375 -7.000170707702637
-258.16796875 251.17620849609375 -7.000171184539795
-256.91796875 253.34127807617188 -7.000171184539795
-263.0782165527344 264.0111389160156 -7.000172138214111
-265.5782165527344 264.0111389160156 -7.000172138214111
-271.73846435546875 253.34127807617188 -7.000171184539795
-270.48846435546875 251.17620849609375 -7.000171184539795
-259.66314697265625 267.42620849609375 -7.000172138214111
-260.91314697265625 265.2611389160156 -7.000172138214111
-254.75289916992188 254.59127807617188 -7.000171184539795
-252.25289916992188 254.59127807617188 -7.000171184539795
-246.0926513671875 265.2611389160156 -7.000172138214111
-247.3426513671875 267.42620849609375 -7.000172138214111
-236.51731872558594 251.17620849609375 -7.000171184539795
-235.26731872558594 253.34127807617188 -7.000171184539795
-241.42758178710938 264.0111389160156 -7.000172138214111
-243.92758178710938 264.0111389160156 -7.000172138214111
-250.08782958984375 253.34127807617188 -7.000171184539795
-248.83782958984375 251.17620849609375 -7.000171184539795
-248.8378448486328 248.67620849609375 -7.000170707702637
-250.08782958984375 246.51113891601562 -7.000170707702637
-243.92758178710938 235.84127807617188 -7.00016975402832
-241.42758178710938 235.84127807617188 -7.00016975402832
-235.26731872558594 246.51113891601562 -7.000170707702637
-236.51731872558594 248.67620849609375 -7.000170707702637
-279.818603515625 288.67620849609375 -7.000174045562744
-278.568603515625 290.8412780761719 -7.000174045562744
-284.7288818359375 301.5111389160156 -7.0001749992370605
-287.2288818359375 301.5111389160156 -7.0001749992370605
-293.38916015625 290.8412780761719 -7.000174045562744
-292.13916015625 288.67620849609375 -7.000174045562744
-302.9644775390625 304.92620849609375 -7.0001749992370605
-304.2144775390625 302.7611389160156 -7.0001749992370605
-298.05419921875 292.0912780761719 -7.000174045562744
-295.55419921875 292.0912780761719 -7.000174045562744
-289.3939208984375 302.7611389160156 -7.0001749992370605
-290.6439514160156 304.92620849609375 -7.0001749992370605
-290.6439208984375 307.42620849609375 -7.000175476074219
-289.3939208984375 309.5912780761719 -7.000175476074219
-295.55419921875 320.2611389160156 -7.000176429748535
-298.05419921875 320.2611389160156 -7.000176429748535
-304.2144775390625 309.5912780761719 -7.000175476074219
-302.9644775390625 307.42620849609375 -7.000175476074219
-292.13916015625 323.67620849609375 -7.000176429748535
-293.38916015625 321.5111389160156 -7.000176429748535
-287.2288818359375 310.8412780761719 -7.000175476074219
-284.7288818359375 310.8412780761719 -7.000175476074219
-278.568603515625 321.5111389160156 -7.000176429748535
-279.818603515625 323.67620849609375 -7.000176429748535
-268.9932861328125 307.42620849609375 -7.000175476074219
-267.7432861328125 309.5912780761719 -7.000175476074219
-273.903564453125 320.2611389160156 -7.000176429748535
-276.403564453125 320.2611389160156 -7.000176429748535
-282.5638427734375 309.5912780761719 -7.000175476074219
-281.3138427734375 307.42620849609375 -7.000175476074219
-281.3138427734375 304.92620849609375 -7.0001749992370605
-282.5638427734375 302.7611389160156 -7.0001749992370605
-276.403564453125 292.0912780761719 -7.000174045562744
-273.903564453125 292.0912780761719 -7.000174045562744
-267.7432861328125 302.7611389160156 -7.0001749992370605
-268.9932861328125 304.92620849609375 -7.0001749992370605
-279.818603515625 251.17620849609375 -9.000170707702637
-278.568603515625 253.34127807617188 -9.000170707702637
-284.7288818359375 264.0111389160156 -9.000171661376953
-287.2288818359375 264.0111389160156 -9.000171661376953
-293.38916015625 253.34127807617188 -9.000170707702637
-292.13916015625 251.17620849609375 -9.000170707702637
-302.9644775390625 267.42620849609375 -9.000171661376953
-304.2144775390625 265.2611389160156 -9.000171661376953
-298.05419921875 254.59127807617188 -9.000170707702637
-295.55419921875 254.59127807617188 -9.000170707702637
-289.3939208984375 265.2611389160156 -9.000171661376953
-290.6439514160156 267.42620849609375 -9.000171661376953
-290.6439208984375 269.92620849609375 -9.000171661376953
-289.3939208984375 272.0912780761719 -9.00017261505127
-295.55419921875 282.7611389160156 -9.00017261505127
-298.05419921875 282.7611389160156 -9.00017261505127
-304.2144775390625 272.0912780761719 -9.00017261505127
-302.9644775390625 269.92620849609375 -9.000171661376953
-292.13916015625 286.17620849609375 -9.000173568725586
-293.38916015625 284.0111389160156 -9.00017261505127
-287.2288818359375 273.3412780761719 -9.00017261505127
-284.7288818359375 273.3412780761719 -9.00017261505127
-278.568603515625 284.0111389160156 -9.00017261505127
-279.818603515625 286.17620849609375 -9.000173568725586
-268.9932861328125 269.92620849609375 -9.000171661376953
-267.7432861328125 272.0912780761719 -9.00017261505127
-273.903564453125 282.7611389160156 -9.00017261505127
-276.403564453125 282.7611389160156 -9.00017261505127
-282.5638427734375 272.0912780761719 -9.00017261505127
-281.3138427734375 269.92620849609375 -9.000171661376953
-281.3138427734375 267.42620849609375 -9.000171661376953
-282.5638427734375 265.2611389160156 -9.000171661376953
-276.403564453125 254.59127807617188 -9.000170707702637
-273.903564453125 254.59127807617188 -9.000170707702637
-267.7432861328125 265.2611389160156 -9.000171661376953
-268.9932861328125 267.42620849609375 -9.000171661376953
-312.2945861816406 269.92620849609375 -7.0001726150512695
-311.0445861816406 272.0912780761719 -7.0001726150512695
-317.204833984375 282.7611389160156 -7.000173568725586
-319.704833984375 282.7611389160156 -7.000173568725586
-325.8651123046875 272.0912780761719 -7.0001726150512695
-324.6151123046875 269.92620849609375 -7.0001726150512695
-335.4404296875 286.17620849609375 -7.000173568725586
-336.6904296875 284.0111389160156 -7.000173568725586
-330.5301513671875 273.3412780761719 -7.0001726150512695
-328.0301513671875 273.3412780761719 -7.0001726150512695
-321.8699035644531 284.0111389160156 -7.000173568725586
-323.1199035644531 286.17620849609375 -7.000173568725586
-323.119873046875 288.67620849609375 -7.000174045562744
-321.8699035644531 290.8412780761719 -7.000174045562744
-328.0301513671875 301.5111389160156 -7.0001749992370605
-330.5301513671875 301.5111389160156 -7.0001749992370605
-336.6904296875 290.8412780761719 -7.000174045562744
-335.4404296875 288.67620849609375 -7.000174045562744
-324.6151123046875 304.92620849609375 -7.0001749992370605
-325.8651123046875 302.7611389160156 -7.0001749992370605
-319.704833984375 292.0912780761719 -7.000174045562744
-317.204833984375 292.0912780761719 -7.000174045562744
-311.0445861816406 302.7611389160156 -7.0001749992370605
-312.2945861816406 304.92620849609375 -7.0001749992370605
-301.46923828125 288.67620849609375 -7.000174045562744
-300.21923828125 290.8412780761719 -7.000174045562744
-306.3795166015625 301.5111389160156 -7.0001749992370605
-308.8795166015625 301.5111389160156 -7.0001749992370605
-315.0397644042969 290.8412780761719 -7.000174045562744
-313.7897644042969 288.67620849609375 -7.000174045562744
-313.789794921875 286.17620849609375 -7.000173568725586
-315.0397644042969 284.0111389160156 -7.000173568725586
-308.8795166015625 273.3412780761719 -7.0001726150512695
-306.3795166015625 273.3412780761719 -7.0001726150512695
-300.21923828125 284.0111389160156 -7.000173568725586
-301.46923828125 286.17620849609375 -7.000173568725586
-312.2945861816406 307.42620849609375 -5.000175476074219
-311.0445861816406 309.5912780761719 -5.000175476074219
-317.204833984375 320.2611389160156 -5.000176429748535
-319.704833984375 320.2611389160156 -5.000176429748535
-325.8651123046875 309.5912780761719 -5.000175476074219
-324.6151123046875 307.42620849609375 -5.000175476074219
-335.4404296875 323.67620849609375 -5.000176429748535
-336.6904296875 321.5111389160156 -5.000176429748535
-330.5301513671875 310.8412780761719 -5.000175476074219
-328.0301513671875 310.8412780761719 -5.000175476074219
-321.8699035644531 321.5111389160156 -5.000176429748535
-323.1199035644531 323.67620849609375 -5.000176429748535
-323.119873046875 326.17620849609375 -5.000176906585693
-321.8699035644531 328.3412780761719 -5.000176906585693
-328.0301513671875 339.0111389160156 -5.00017786026001
-330.5301513671875 339.0111389160156 -5.00017786026001
-336.6904296875 328.3412780761719 -5.000176906585693
-335.4404296875 326.17620849609375 -5.000176906585693
-324.6151123046875 342.42620849609375 -5.00017786026001
-325.8651123046875 340.2611389160156 -5.00017786026001
-319.704833984375 329.5912780761719 -5.000176906585693
-317.204833984375 329.5912780761719 -5.000176906585693
-311.0445861816406 340.2611389160156 -5.00017786026001
-312.2945861816406 342.42620849609375 -5.00017786026001
-301.46923828125 326.17620849609375 -5.000176906585693
-300.21923828125 328.3412780761719 -5.000176906585693
-306.3795166015625 339.0111389160156 -5.00017786026001
-308.8795166015625 339.0111389160156 -5.00017786026001
-315.0397644042969 328.3412780761719 -5.000176906585693
-313.7897644042969 326.17620849609375 -5.000176906585693
-313.789794921875 323.67620849609375 -5.000176429748535
-315.0397644042969 321.5111389160156 -5.000176429748535
-308.8795166015625 310.8412780761719 -5.000175476074219
-306.3795166015625 310.8412780761719 -5.000175476074219
-300.21923828125 321.5111389160156 -5.000176429748535
-301.46923828125 323.67620849609375 -5.000176429748535
-279.818603515625 326.17620849609375 -5.000176906585693
-278.568603515625 328.3412780761719 -5.000176906585693
-284.7288818359375 339.0111389160156 -5.00017786026001
-287.2288818359375 339.0111389160156 -5.00017786026001
-293.38916015625 328.3412780761719 -5.000176906585693
-292.13916015625 326.17620849609375 -5.000176906585693
-302.9644775390625 342.42620849609375 -5.00017786026001
-304.2144775390625 340.2611389160156 -5.00017786026001
-298.05419921875 329.5912780761719 -5.000176906585693
-295.55419921875 329.5912780761719 -5.000176906585693
-289.3939208984375 340.2611389160156 -5.00017786026001
-290.6439514160156 342.42620849609375 -5.00017786026001
-290.6439208984375 344.92620849609375 -5.000178337097168
-289.3939208984375 347.0912780761719 -5.000178337097168
-295.55419921875 357.7611389160156 -5.000179290771484
-298.05419921875 357.7611389160156 -5.000179290771484
-304.2144775390625 347.0912780761719 -5.000178337097168
-302.9644775390625 344.92620849609375 -5.000178337097168
-292.13916015625 361.17620849609375 -5.000179290771484
-293.38916015625 359.0111389160156 -5.000179290771484
-287.2288818359375 348.3412780761719 -5.000178337097168
-284.7288818359375 348.3412780761719 -5.000178337097168
-278.568603515625 359.0111389160156 -5.000179290771484
-279.818603515625 361.17620849609375 -5.000179290771484
-268.9932861328125 344.92620849609375 -5.000178337097168
-267.7432861328125 347.0912780761719 -5.000178337097168
-273.903564453125 357.7611389160156 -5.000179290771484
-276.403564453125 357.7611389160156 -5.000179290771484
-282.5638427734375 347.0912780761719 -5.000178337097168
-281.3138427734375 344.92620849609375 -5.000178337097168
-281.3138427734375 342.42620849609375 -5.00017786026001
-282.5638427734375 340.2611389160156 -5.00017786026001
-276.403564453125 329.5912780761719 -5.000176906585693
-273.903564453125 329.5912780761719 -5.000176906585693
-267.7432861328125 340.2611389160156 -5.00017786026001
-268.9932861328125 342.42620849609375 -5.00017786026001
-344.7705078125 288.67620849609375 -5.000174045562744
-343.5205078125 290.8412780761719 -5.000174045562744
-349.6807861328125 301.5111389160156 -5.0001749992370605
-352.1807861328125 301.5111389160156 -5.0001749992370605
-358.341064453125 290.8412780761719 -5.000174045562744
-357.091064453125 288.67620849609375 -5.000174045562744
-367.9163818359375 304.92620849609375 -5.0001749992370605
-369.1663818359375 302.7611389160156 -5.0001749992370605
-363.006103515625 292.0912780761719 -5.000174045562744
-360.506103515625 292.0912780761719 -5.000174045562744
-354.3458251953125 302.7611389160156 -5.0001749992370605
-355.5958557128906 304.92620849609375 -5.0001749992370605
-355.5958251953125 307.42620849609375 -5.000175476074219
-354.3458251953125 309.5912780761719 -5.000175476074219
-360.506103515625 320.2611389160156 -5.000176429748535
-363.006103515625 320.2611389160156 -5.000176429748535
-369.1663818359375 309.5912780761719 -5.000175476074219
-367.9163818359375 307.42620849609375 -5.000175476074219
-357.091064453125 323.67620849609375 -5.000176429748535
-358.341064453125 321.5111389160156 -5.000176429748535
-352.1807861328125 310.8412780761719 -5.000175476074219
-349.6807861328125 310.8412780761719 -5.000175476074219
-343.5205078125 321.5111389160156 -5.000176429748535
-344.7705078125 323.67620849609375 -5.000176429748535
-333.9451904296875 307.42620849609375 -5.000175476074219
-332.6951904296875 309.5912780761719 -5.000175476074219
-338.85546875 320.2611389160156 -5.000176429748535
-341.35546875 320.2611389160156 -5.000176429748535
-347.5157470703125 309.5912780761719 -5.000175476074219
-346.2657470703125 307.42620849609375 -5.000175476074219
-346.2657470703125 304.92620849609375 -5.0001749992370605
-347.5157470703125 302.7611389160156 -5.0001749992370605
-341.35546875 292.0912780761719 -5.000174045562744
-338.85546875 292.0912780761719 -5.000174045562744
-332.6951904296875 302.7611389160156 -5.0001749992370605
-333.9451904296875 304.92620849609375 -5.0001749992370605
-247.3426513671875 194.92620849609375 -5.000166893005371
-246.0926513671875 197.09127807617188 -5.000166893005371
-252.25289916992188 207.76113891601562 -5.0001678466796875
-254.75289916992188 207.76113891601562 -5.0001678466796875
-260.91314697265625 197.09127807617188 -5.000166893005371
-259.66314697265625 194.92620849609375 -5.000166893005371
-270.48846435546875 211.17620849609375 -5.0001678466796875
-271.73846435546875 209.01113891601562 -5.0001678466796875
-265.5782165527344 198.34127807617188 -5.000166893005371
-263.0782165527344 198.34127807617188 -5.000166893005371
-256.91796875 209.01113891601562 -5.0001678466796875
-258.16796875 211.17620849609375 -5.0001678466796875
-258.16796875 213.67620849609375 -5.000168323516846
-256.91796875 215.84127807617188 -5.000168323516846
-263.0782165527344 226.51113891601562 -5.000169277191162
-265.5782165527344 226.51113891601562 -5.000169277191162
-271.73846435546875 215.84127807617188 -5.000168323516846
-270.48846435546875 213.67620849609375 -5.000168323516846
-259.66314697265625 229.92620849609375 -5.000169277191162
-260.91314697265625 227.76113891601562 -5.000169277191162
-254.75289916992188 217.09127807617188 -5.000168323516846
-252.25289916992188 217.09127807617188 -5.000168323516846
-246.0926513671875 227.76113891601562 -5.000169277191162
-247.3426513671875 229.92620849609375 -5.000169277191162
-236.51731872558594 213.67620849609375 -5.000168323516846
-235.26731872558594 215.84127807617188 -5.000168323516846
-241.42758178710938 226.51113891601562 -5.000169277191162
-243.92758178710938 226.51113891601562 -5.000169277191162
-250.08782958984375 215.84127807617188 -5.000168323516846
-248.83782958984375 213.67620849609375 -5.000168323516846
-248.8378448486328 211.17620849609375 -5.0001678466796875
-250.08782958984375 209.01113891601562 -5.0001678466796875
-243.92758178710938 198.34127807617188 -5.000166893005371
-241.42758178710938 198.34127807617188 -5.000166893005371
-235.26731872558594 209.01113891601562 -5.0001678466796875
-236.51731872558594 211.17620849609375 -5.0001678466796875
-279.818603515625 213.67620849609375 -7.000168323516846
-278.568603515625 215.84127807617188 -7.000168323516846
-284.7288818359375 226.51113891601562 -7.000169277191162
-287.2288818359375 226.51113891601562 -7.000169277191162
-293.38916015625 215.84127807617188 -7.000168323516846
-292.13916015625 213.67620849609375 -7.000168323516846
-302.9644775390625 229.92620849609375 -7.000169277191162
-304.2144775390625 227.76113891601562 -7.000169277191162
-298.05419921875 217.09127807617188 -7.000168323516846
-295.55419921875 217.09127807617188 -7.000168323516846
-289.3939208984375 227.76113891601562 -7.000169277191162
-290.6439514160156 229.92620849609375 -7.000169277191162
-290.6439208984375 232.42620849609375 -7.00016975402832
-289.3939208984375 234.59127807617188 -7.00016975402832
-295.55419921875 245.26113891601562 -7.000170707702637
-298.05419921875 245.26113891601562 -7.000170707702637
-304.2144775390625 234.59127807617188 -7.00016975402832
-302.9644775390625 232.42620849609375 -7.00016975402832
-292.13916015625 248.67620849609375 -7.000170707702637
-293.38916015625 246.51113891601562 -7.000170707702637
-287.2288818359375 235.84127807617188 -7.00016975402832
-284.7288818359375 235.84127807617188 -7.00016975402832
-278.568603515625 246.51113891601562 -7.000170707702637
-279.818603515625 248.67620849609375 -7.000170707702637
-268.9932861328125 232.42620849609375 -7.00016975402832
-267.7432861328125 234.59127807617188 -7.00016975402832
-273.903564453125 245.26113891601562 -7.000170707702637
-276.403564453125 245.26113891601562 -7.000170707702637
-282.5638427734375 234.59127807617188 -7.00016975402832
-281.3138427734375 232.42620849609375 -7.00016975402832
-281.3138427734375 229.92620849609375 -7.000169277191162
-282.5638427734375 227.76113891601562 -7.000169277191162
-276.403564453125 217.09127807617188 -7.000168323516846
-273.903564453125 217.09127807617188 -7.000168323516846
-267.7432861328125 227.76113891601562 -7.000169277191162
-268.9932861328125 229.92620849609375 -7.000169277191162
-312.2945861816406 232.42620849609375 -7.00016975402832
-311.0445861816406 234.59127807617188 -7.00016975402832
-317.204833984375 245.26113891601562 -7.000170707702637
-319.704833984375 245.26113891601562 -7.000170707702637
-325.8651123046875 234.59127807617188 -7.00016975402832
-324.6151123046875 232.42620849609375 -7.00016975402832
-335.4404296875 248.67620849609375 -7.000170707702637
-336.6904296875 246.51113891601562 -7.000170707702637
-330.5301513671875 235.84127807617188 -7.00016975402832
-328.0301513671875 235.84127807617188 -7.00016975402832
-321.8699035644531 246.51113891601562 -7.000170707702637
-323.1199035644531 248.67620849609375 -7.000170707702637
-323.119873046875 251.17620849609375 -7.000171184539795
-321.8699035644531 253.34127807617188 -7.000171184539795
-328.0301513671875 264.0111389160156 -7.000172138214111
-330.5301513671875 264.0111389160156 -7.000172138214111
-336.6904296875 253.34127807617188 -7.000171184539795
-335.4404296875 251.17620849609375 -7.000171184539795
-324.6151123046875 267.42620849609375 -7.000172138214111
-325.8651123046875 265.2611389160156 -7.000172138214111
-319.704833984375 254.59127807617188 -7.000171184539795
-317.204833984375 254.59127807617188 -7.000171184539795
-311.0445861816406 265.2611389160156 -7.000172138214111
-312.2945861816406 267.42620849609375 -7.000172138214111
-301.46923828125 251.17620849609375 -7.000171184539795
-300.21923828125 253.34127807617188 -7.000171184539795
-306.3795166015625 264.0111389160156 -7.000172138214111
-308.8795166015625 264.0111389160156 -7.000172138214111
-315.0397644042969 253.34127807617188 -7.000171184539795
-313.7897644042969 251.17620849609375 -7.000171184539795
-313.789794921875 248.67620849609375 -7.000170707702637
-315.0397644042969 246.51113891601562 -7.000170707702637
-308.8795166015625 235.84127807617188 -7.00016975402832
-306.3795166015625 235.84127807617188 -7.00016975402832
-300.21923828125 246.51113891601562 -7.000170707702637
-301.46923828125 248.67620849609375 -7.000170707702637
-279.818603515625 176.17620849609375 -5.0001654624938965
-278.568603515625 178.34127807617188 -5.0001654624938965
-284.7288818359375 189.01113891601562 -5.000166416168213
-287.2288818359375 189.01113891601562 -5.000166416168213
-293.38916015625 178.34127807617188 -5.0001654624938965
-292.13916015625 176.17620849609375 -5.0001654624938965
-302.9644775390625 192.42620849609375 -5.000166416168213
-304.2144775390625 190.26113891601562 -5.000166416168213
-298.05419921875 179.59127807617188 -5.0001654624938965
-295.55419921875 179.59127807617188 -5.0001654624938965
-289.3939208984375 190.26113891601562 -5.000166416168213
-290.6439514160156 192.42620849609375 -5.000166416168213
-290.6439208984375 194.92620849609375 -5.000166893005371
-289.3939208984375 197.09127807617188 -5.000166893005371
-295.55419921875 207.76113891601562 -5.0001678466796875
-298.05419921875 207.76113891601562 -5.0001678466796875
-304.2144775390625 197.09127807617188 -5.000166893005371
-302.9644775390625 194.92620849609375 -5.000166893005371
-292.13916015625 211.17620849609375 -5.0001678466796875
-293.38916015625 209.01113891601562 -5.0001678466796875
-287.2288818359375 198.34127807617188 -5.000166893005371
-284.7288818359375 198.34127807617188 -5.000166893005371
-278.568603515625 209.01113891601562 -5.0001678466796875
-279.818603515625 211.17620849609375 -5.0001678466796875
-268.9932861328125 194.92620849609375 -5.000166893005371
-267.7432861328125 197.09127807617188 -5.000166893005371
-273.903564453125 207.76113891601562 -5.0001678466796875
-276.403564453125 207.76113891601562 -5.0001678466796875
-282.5638427734375 197.09127807617188 -5.000166893005371
-281.3138427734375 194.92620849609375 -5.000166893005371
-281.3138427734375 192.42620849609375 -5.000166416168213
-282.5638427734375 190.26113891601562 -5.000166416168213
-276.403564453125 179.59127807617188 -5.0001654624938965
-273.903564453125 179.59127807617188 -5.0001654624938965
-267.7432861328125 190.26113891601562 -5.000166416168213
-268.9932861328125 192.42620849609375 -5.000166416168213
-312.2945861816406 194.92620849609375 -5.000166893005371
-311.0445861816406 197.09127807617188 -5.000166893005371
-317.204833984375 207.76113891601562 -5.0001678466796875
-319.704833984375 207.76113891601562 -5.0001678466796875
-325.8651123046875 197.09127807617188 -5.000166893005371
-324.6151123046875 194.92620849609375 -5.000166893005371
-335.4404296875 211.17620849609375 -5.0001678466796875
-336.6904296875 209.01113891601562 -5.0001678466796875
-330.5301513671875 198.34127807617188 -5.000166893005371
-328.0301513671875 198.34127807617188 -5.000166893005371
-321.8699035644531 209.01113891601562 -5.0001678466796875
-323.1199035644531 211.17620849609375 -5.0001678466796875
-323.119873046875 213.67620849609375 -5.000168323516846
-321.8699035644531 215.84127807617188 -5.000168323516846
-328.0301513671875 226.51113891601562 -5.000169277191162
-330.5301513671875 226.51113891601562 -5.000169277191162
-336.6904296875 215.84127807617188 -5.000168323516846
-335.4404296875 213.67620849609375 -5.000168323516846
-324.6151123046875 229.92620849609375 -5.000169277191162
-325.8651123046875 227.76113891601562 -5.000169277191162
-319.704833984375 217.09127807617188 -5.000168323516846
-317.204833984375 217.09127807617188 -5.000168323516846
-311.0445861816406 227.76113891601562 -5.000169277191162
-312.2945861816406 229.92620849609375 -5.000169277191162
-301.46923828125 213.67620849609375 -5.000168323516846
-300.21923828125 215.84127807617188 -5.000168323516846
-306.3795166015625 226.51113891601562 -5.000169277191162
-308.8795166015625 226.51113891601562 -5.000169277191162
-315.0397644042969 215.84127807617188 -5.000168323516846
-313.7897644042969 213.67620849609375 -5.000168323516846
-313.789794921875 211.17620849609375 -5.0001678466796875
-315.0397644042969 209.01113891601562 -5.0001678466796875
-308.8795166015625 198.34127807617188 -5.000166893005371
-306.3795166015625 198.34127807617188 -5.000166893005371
-300.21923828125 209.01113891601562 -5.0001678466796875
-301.46923828125 211.17620849609375 -5.0001678466796875
-344.7705078125 251.17620849609375 -5.000171184539795
-343.5205078125 253.34127807617188 -5.000171184539795
-349.6807861328125 264.0111389160156 -5.000172138214111
-352.1807861328125 264.0111389160156 -5.000172138214111
-358.341064453125 253.34127807617188 -5.000171184539795
-357.091064453125 251.17620849609375 -5.000171184539795
-367.9163818359375 267.42620849609375 -5.000172138214111
-369.1663818359375 265.2611389160156 -5.000172138214111
-363.006103515625 254.59127807617188 -5.000171184539795
-360.506103515625 254.59127807617188 -5.000171184539795
-354.3458251953125 265.2611389160156 -5.000172138214111
-355.5958557128906 267.42620849609375 -5.000172138214111
-355.5958251953125 269.92620849609375 -5.0001726150512695
-354.3458251953125 272.0912780761719 -5.0001726150512695
-360.506103515625 282.7611389160156 -5.000173568725586
-363.006103515625 282.7611389160156 -5.000173568725586
-369.1663818359375 272.0912780761719 -5.0001726150512695
-367.9163818359375 269.92620849609375 -5.0001726150512695
-357.091064453125 286.17620849609375 -5.000173568725586
-358.341064453125 284.0111389160156 -5.000173568725586
-352.1807861328125 273.3412780761719 -5.0001726150512695
-349.6807861328125 273.3412780761719 -5.0001726150512695
-343.5205078125 284.0111389160156 -5.000173568725586
-344.7705078125 286.17620849609375 -5.000173568725586
-333.9451904296875 269.92620849609375 -5.0001726150512695
-332.6951904296875 272.0912780761719 -5.0001726150512695
-338.85546875 282.7611389160156 -5.000173568725586
-341.35546875 282.7611389160156 -5.000173568725586
-347.5157470703125 272.0912780761719 -5.0001726150512695
-346.2657470703125 269.92620849609375 -5.0001726150512695
-346.2657470703125 267.42620849609375 -5.000172138214111
-347.5157470703125 265.2611389160156 -5.000172138214111
-341.35546875 254.59127807617188 -5.000171184539795
-338.85546875 254.59127807617188 -5.000171184539795
-332.6951904296875 265.2611389160156 -5.000172138214111
-333.9451904296875 267.42620849609375 -5.000172138214111
-344.7705078125 213.67620849609375 -5.000168323516846
-343.5205078125 215.84127807617188 -5.000168323516846
-349.6807861328125 226.51113891601562 -5.000169277191162
-352.1807861328125 226.51113891601562 -5.000169277191162
-358.341064453125 215.84127807617188 -5.000168323516846
-357.091064453125 213.67620849609375 -5.000168323516846
-367.9163818359375 229.92620849609375 -5.000169277191162
-369.1663818359375 227.76113891601562 -5.000169277191162
-363.006103515625 217.09127807617188 -5.000168323516846
-360.506103515625 217.09127807617188 -5.000168323516846
-354.3458251953125 227.76113891601562 -5.000169277191162
-355.5958557128906 229.92620849609375 -5.000169277191162
-355.5958251953125 232.42620849609375 -5.00016975402832
-354.3458251953125 234.59127807617188 -5.00016975402832
-360.506103515625 245.26113891601562 -5.000170707702637
-363.006103515625 245.26113891601562 -5.000170707702637
-369.1663818359375 234.59127807617188 -5.00016975402832
-367.9163818359375 232.42620849609375 -5.00016975402832
-357.091064453125 248.67620849609375 -5.000170707702637
-358.341064453125 246.51113891601562 -5.000170707702637
-352.1807861328125 235.84127807617188 -5.00016975402832
-349.6807861328125 235.84127807617188 -5.00016975402832
-343.5205078125 246.51113891601562 -5.000170707702637
-344.7705078125 248.67620849609375 -5.000170707702637
-333.9451904296875 232.42620849609375 -5.00016975402832
-332.6951904296875 234.59127807617188 -5.00016975402832
-338.85546875 245.26113891601562 -5.000170707702637
-341.35546875 245.26113891601562 -5.000170707702637
-347.5157470703125 234.59127807617188 -5.00016975402832
-346.2657470703125 232.42620849609375 -5.00016975402832
-346.2657470703125 229.92620849609375 -5.000169277191162
-347.5157470703125 227.76113891601562 -5.000169277191162
-341.35546875 217.09127807617188 -5.000168323516846
-338.85546875 217.09127807617188 -5.000168323516846
-332.6951904296875 227.76113891601562 -5.000169277191162
-333.9451904296875 229.92620849609375 -5.000169277191162
