6.890851267371545e-08 1.1935321708733682e-07 1.0
6.89086050442711e-08 1.1935262023143878e-07 1.0
0.0 0.0 1.0
0.0 0.0 -1.0
-1.126757798175504e-08 -1.1662625354347256e-07 -1.0
0.0 -8.684970254080326e-08 -1.0
-1.4753378074772172e-08 5.5060425552255765e-08 1.0
0.0 -0.0 1.0
-1.841241896727297e-07 3.1891335083855665e-07 1.0
-0.0 0.0 1.0
-1.4753378074772172e-08 5.5060425552255765e-08 1.0
-1.1267203170461926e-08 -1.1662602616979711e-07 -1.0
1.261088655724052e-08 8.68494609562731e-08 1.0
-2.253473496693914e-08 9.711045834137622e-08 1.0
1.2611304001097778e-08 8.68496954353759e-08 1.0
-5.6066593145942534e-08 9.711045834137622e-08 1.0
0.0 3.1891335083855665e-07 1.0
6.890851267371545e-08 1.1935321708733682e-07 1.0
6.890824977290322e-08 1.1935276233998593e-07 1.0
0.0 0.0 1.0
0.0 0.0 -1.0
9.738527495528615e-08 1.6867672059106553e-07 1.0
0.0 7.89771661402483e-08 1.0
0.0 0.0 1.0
0.0 0.0 1.0
9.536704936863316e-08 1.651808219094164e-07 1.0
-3.0605448841924954e-08 6.189821277757801e-08 1.0
-6.185020851035006e-08 1.8453320649314264e-07 1.0
-1.1012095058049454e-07 1.9073486612342094e-07 1.0
-1.1012319589553954e-07 1.9073486612342094e-07 1.0
0.0 0.0 1.0
-0.0 0.0 -1.0
-0.0 0.0 -1.0
2.5696266447994276e-08 -4.4507363128332145e-08 -1.0
3.182315921890222e-08 -4.199113234903962e-08 -1.0
-0.0 -0.0 -1.0
-0.0 -6.434834176616278e-08 -1.0
-8.409944740606079e-08 -4.855564483818853e-08 -1.0
-6.981389333304833e-08 4.03069577714632e-08 1.0
1.9073401347213803e-07 1.9073486612342094e-07 1.0
0.0 0.0 1.0
0.0 8.061416423288392e-08 1.0
-6.981373701364646e-08 1.2092127121832164e-07 1.0
-3.303610753846442e-07 1.9073486612342094e-07 1.0
0.0 0.0 1.0
0.0 0.0 1.0
4.030702882573678e-08 4.030702882573678e-08 1.0
0.0 -0.0 1.0
0.0 1.736989219125462e-07 1.0
0.0 0.0 1.0
-6.981389333304833e-08 4.03069577714632e-08 1.0
1.9073401347213803e-07 1.9073486612342094e-07 1.0
0.0 0.0 1.0
0.0 8.061416423288392e-08 1.0
-6.981373701364646e-08 1.2092127121832164e-07 1.0
-3.303610753846442e-07 1.9073486612342094e-07 1.0
0.0 0.0 1.0
0.0 0.0 1.0
4.030702882573678e-08 4.030702882573678e-08 1.0
0.0 0.0 -1.0
-0.0 0.0 1.0
-0.0 8.68494609562731e-08 1.0
0.0 0.0 1.0
3.3517551401018864e-08 1.935142179831928e-08 1.0
3.3517551401018864e-08 1.935142179831928e-08 1.0
-5.688295168226887e-09 8.725793065877951e-08 1.0
0.0 3.1891335083855665e-07 1.0
-1.1012095058049454e-07 1.9073486612342094e-07 1.0
-1.1012319589553954e-07 1.9073486612342094e-07 1.0
0.0 0.0 1.0
0.0 0.0 -1.0
-1.0336278677414157e-07 1.7902938509450905e-07 1.0
0.0 3.1891335083855665e-07 1.0
0.0 8.061416423288392e-08 1.0
-1.1745199257617855e-09 7.943964419609983e-08 1.0
0.0 7.89771661402483e-08 1.0
0.0 7.897717324567566e-08 1.0
-0.0 0.0 1.0
0.0 -0.0 1.0
0.0 -0.0 1.0
0.0 0.0 1.0
-7.52140323356798e-08 4.342502535337189e-08 1.0
0.0 2.202425832820154e-07 1.0
0.0 7.740551666302053e-08 1.0
-2.7921142731202053e-08 7.740532481648188e-08 1.0
0.0 -0.0 1.0
-0.0 0.0 1.0
-8.471533163856293e-08 1.7133315566297824e-07 1.0
-6.184983902812746e-08 1.8453211225732957e-07 1.0
