-353.37896728515625 203.09608459472656 -5.000167369842529
-349.91900634765625 197.10330200195312 -5.000166893005371
-348.6241455078125 197.85089111328125 -5.000166893005371
-348.6241455078125 200.35089111328125 -5.000167369842529
-334.5392150878906 195.10569763183594 -5.000166893005371
-337.9991455078125 201.09849548339844 -5.000167369842529
-339.29400634765625 200.35089111328125 -5.000167369842529
-339.29400634765625 197.85089111328125 -5.000166893005371
-339.2491455078125 203.2635498046875 -5.000167369842529
-340.54400634765625 202.51596069335938 -5.000167369842529
-347.3741455078125 195.6858367919922 -5.000166893005371
-348.66900634765625 194.938232421875 -5.000166893005371
-332.0392150878906 190.77557373046875 -5.000166416168213
-340.54400634765625 195.6858367919922 -5.000166893005371
-347.3741455078125 202.51596069335938 -5.000167369842529
-355.87896728515625 207.42620849609375 -5.0001678466796875
-358.04400634765625 211.17620849609375 -5.0001678466796875
-350.9307861328125 211.17620849609375 -5.0001678466796875
-343.8175354003906 211.17620849609375 -5.0001678466796875
-342.7090759277344 209.25633239746094 -5.0001678466796875
-342.7090759277344 203.76596069335938 -5.000167369842529
-345.2090759277344 203.76596069335938 -5.000167369842529
-345.2090759277344 194.4358367919922 -5.000166893005371
-342.7090759277344 194.4358367919922 -5.000166893005371
-326.4590759277344 172.7852020263672 -5.000164985656738
-333.37896728515625 172.7852020263672 -5.000164985656738
-328.6241455078125 170.04000854492188 -5.000164985656738
-326.4590759277344 171.29000854492188 -5.000164985656738
-323.9590759277344 160.46469116210938 -5.000164031982422
-317.0392150878906 160.46469116210938 -5.000164031982422
-321.79400634765625 163.2098846435547 -5.00016450881958
-323.9590759277344 161.9598846435547 -5.00016450881958
-323.9590759277344 171.29000854492188 -5.000164985656738
-323.9590759277344 172.7852020263672 -5.000164985656738
-329.8741455078125 167.87493896484375 -5.000164985656738
-329.8741455078125 165.37493896484375 -5.00016450881958
-328.6241455078125 163.2098846435547 -5.00016450881958
-326.4590759277344 161.9598846435547 -5.00016450881958
-320.54400634765625 165.37493896484375 -5.00016450881958
-320.54400634765625 167.87493896484375 -5.000164985656738
-321.79400634765625 170.04000854492188 -5.000164985656738
-345.2090759277344 188.94544982910156 -5.000166416168213
-342.7090759277344 184.61532592773438 -5.000165939331055
-340.54400634765625 180.86532592773438 -5.000165939331055
-329.8741455078125 187.02557373046875 -5.000166416168213
-326.4590759277344 160.46469116210938 -5.000164031982422
-334.62896728515625 170.62013244628906 -5.000164985656738
-331.16900634765625 164.62734985351562 -5.00016450881958
-315.7891845703125 162.62974548339844 -5.00016450881958
-319.2491455078125 168.62254333496094 -5.000164985656738
-320.4991455078125 170.78759765625 -5.000164985656738
-329.91900634765625 162.46229553222656 -5.00016450881958
-328.7657165527344 160.46469116210938 -5.000164031982422
-335.87896728515625 172.7852020263672 -5.000164985656738
-321.6524658203125 172.7852020263672 -5.000164985656738
-328.6241455078125 184.8605194091797 -5.000165939331055
-339.29400634765625 178.70025634765625 -5.0001654624938965
-314.5392150878906 160.46469116210938 -5.000164031982422
-307.7090759277344 160.46469116210938 -5.000164031982422
-307.7090759277344 166.62493896484375 -5.00016450881958
-307.7090759277344 172.7852020263672 -5.000164985656738
