-5.962496989198041e-12 7.549665070882838e-08 1.0
1.557107849776973e-13 7.549762415237637e-08 1.0
1.5470991458418903e-12 7.549800784545369e-08 1.0
8.361568273711206e-13 7.549678571194818e-08 1.0
1.5470958932353729e-12 7.549801495088104e-08 1.0
1.5571067655748005e-13 7.549762415237637e-08 1.0
-1.771680892270755e-12 7.549954261776293e-08 1.0
9.891835614506128e-13 7.549892444558282e-08 1.0
-1.6240466003264453e-12 -7.549964209374593e-08 -1.0
-9.448906500980625e-13 -7.549783020976975e-08 -1.0
0.0 -7.549665070882838e-08 -1.0
-5.905616165362282e-13 7.55002176333619e-08 1.0
2.2906002181827256e-12 7.55002673713534e-08 1.0
2.12246149475237e-12 7.549900971071111e-08 1.0
-6.145013426057944e-13 7.549857627964229e-08 1.0
1.5470988205812386e-12 7.549801495088104e-08 1.0
1.5571067655748005e-13 7.549762415237637e-08 1.0
1.440543322649146e-12 7.54978373151971e-08 1.0
1.557106901100072e-13 7.549763125780373e-08 1.0
-1.771680892270755e-12 7.549954261776293e-08 1.0
9.891826940888748e-13 7.549892444558282e-08 1.0
-1.6240466003264453e-12 -7.549964209374593e-08 -1.0
-0.0 -7.549783020976975e-08 -1.0
0.0 -7.549900971071111e-08 -1.0
-5.905616165362282e-13 7.55002176333619e-08 1.0
-1.688400938157364e-13 7.549780178806031e-08 1.0
2.1224621452736736e-12 7.549901681613846e-08 1.0
9.265051833379223e-13 7.549694203135004e-08 1.0
1.5470996879429766e-12 7.549801495088104e-08 1.0
9.265067012209638e-13 7.549693492592269e-08 1.0
1.4405465752556634e-12 7.549783020976975e-08 1.0
3.5961915411698853e-13 7.549595437694734e-08 1.0
-1.771684361717707e-12 7.549953551233557e-08 1.0
8.562955574643871e-13 7.549793679118011e-08 1.0
-7.529655609954389e-13 -7.550013947366097e-08 -1.0
-0.0 -7.549783020976975e-08 -1.0
0.0 -7.549900971071111e-08 -1.0
-5.905619960069886e-13 7.55002176333619e-08 1.0
-1.6883989052782905e-13 7.549780889348767e-08 1.0
-5.280576757110689e-12 7.549782310434239e-08 1.0
1.4916810191570318e-12 7.54979225803254e-08 1.0
1.4405458163141427e-12 7.549783020976975e-08 1.0
1.557106901100072e-13 7.549763125780373e-08 1.0
1.440544623691753e-12 7.549783020976975e-08 1.0
5.922566040025834e-13 7.549876812618095e-08 1.0
-1.7716811091111895e-12 7.549954261776293e-08 1.0
-2.3179574579201834e-12 7.549517988536536e-08 1.0
-1.6240463834860108e-12 -7.549964209374593e-08 -1.0
-0.0 -7.549783020976975e-08 -1.0
0.0 -7.54979225803254e-08 -1.0
-5.905616165362282e-13 7.55002176333619e-08 1.0
-1.688400938157364e-13 7.549780178806031e-08 1.0
1.440544623691753e-12 7.549783020976975e-08 1.0
1.4916899096148462e-12 7.54979225803254e-08 1.0
1.147937105615282e-12 7.549639491344351e-08 1.0
1.491690234875498e-12 7.54979225803254e-08 1.0
-1.3139829935920888e-12 7.549873970447152e-08 1.0
1.3841236099973453e-12 7.549923708438655e-08 1.0
-2.1038548778540972e-13 -7.54993791929337e-08 -1.0
-0.0 -7.54979225803254e-08 -1.0
-3.598716376979061e-13 7.549981972942987e-08 1.0
-4.586803484772639e-13 7.549751046553865e-08 1.0
9.265064843805293e-13 7.549694203135004e-08 1.0
1.4916920780191911e-12 7.54979225803254e-08 1.0
1.4916920780191911e-12 7.54979225803254e-08 1.0
-1.0176819239746115e-12 7.549752467639337e-08 1.0
-1.232782972926394e-12 7.549878233703566e-08 1.0
1.3841236099973453e-12 7.549923708438655e-08 1.0
-1.328749529025744e-13 -7.549941472007049e-08 -1.0
-0.0 -7.54979225803254e-08 -1.0
0.0 7.549784442062446e-08 1.0
-1.2918405765689062e-13 7.549942182549785e-08 1.0
-5.158985760291002e-13 7.549757441438487e-08 1.0
-5.229446216337141e-12 7.54979225803254e-08 1.0
2.8639704540214805e-13 7.549773073378674e-08 1.0
1.5470996879429766e-12 7.549801495088104e-08 1.0
8.361574236823155e-13 7.549679281737554e-08 1.0
1.4579439001558003e-12 7.549602543122091e-08 1.0
5.922570376834524e-13 7.549876812618095e-08 1.0
-1.771684361717707e-12 7.549953551233557e-08 1.0
9.891820435675713e-13 7.549892444558282e-08 1.0
-1.6240448656029693e-12 -7.54996136720365e-08 -1.0
-0.0 -7.549801495088104e-08 -1.0
0.0 -7.54979225803254e-08 -1.0
-5.905619960069886e-13 7.55002176333619e-08 1.0
-7.822905192557406e-13 7.549764546865845e-08 1.0
2.1224695178484465e-12 7.549901681613846e-08 1.0
-6.145019389169892e-13 7.549857627964229e-08 1.0
1.5471052173740563e-12 7.549801495088104e-08 1.0
1.5571082563527877e-13 7.549762415237637e-08 1.0
1.5470991458418903e-12 7.549800784545369e-08 1.0
8.361568273711206e-13 7.549678571194818e-08 1.0
-1.771680892270755e-12 7.549954261776293e-08 1.0
9.89181501466485e-13 7.549892444558282e-08 1.0
-1.6240468171668798e-12 -7.549963498831858e-08 -1.0
-9.448949869067524e-13 -7.54978373151971e-08 -1.0
0.0 -7.549900971071111e-08 -1.0
-5.905616165362282e-13 7.55002176333619e-08 1.0
-1.688403106561709e-13 7.549780178806031e-08 1.0
-5.2806019106010904e-12 7.549783020976975e-08 1.0
1.557107849776973e-13 7.549762415237637e-08 1.0
1.54710467527297e-12 7.549801495088104e-08 1.0
8.361568273711206e-13 7.549678571194818e-08 1.0
1.4405461415747944e-12 7.549783020976975e-08 1.0
-2.5244140545305216e-12 7.550260505695405e-08 1.0
-1.771680892270755e-12 7.549954261776293e-08 1.0
9.891831277697438e-13 7.549892444558282e-08 1.0
-1.6240468171668798e-12 -7.549963498831858e-08 -1.0
-0.0 -7.549783020976975e-08 -1.0
0.0 -7.549783020976975e-08 -1.0
-5.905616165362282e-13 7.55002176333619e-08 1.0
-1.688400938157364e-13 7.549780178806031e-08 1.0
-5.2294280017406436e-12 7.54979225803254e-08 1.0
1.5571089339791455e-13 7.549762415237637e-08 1.0
1.5470942669321142e-12 7.549801495088104e-08 1.0
1.5571089339791455e-13 7.549762415237637e-08 1.0
1.457942490692976e-12 7.549601832579356e-08 1.0
5.922572003137783e-13 7.549876812618095e-08 1.0
-1.771682626994231e-12 7.549952840690821e-08 1.0
9.89181501466485e-13 7.549892444558282e-08 1.0
-1.6240444319221004e-12 -7.549962788289122e-08 -1.0
-0.0 -7.549801495088104e-08 -1.0
4.608021863389267e-13 -7.549783020976975e-08 -1.0
-7.529659404661992e-13 7.550011815737889e-08 1.0
-8.230909443601719e-13 7.549748914925658e-08 1.0
1.4916967400885328e-12 7.54979225803254e-08 1.0
9.731930159743302e-14 7.549769520664995e-08 1.0
1.4405461415747944e-12 7.549783020976975e-08 1.0
-1.0176820323948288e-12 7.549751757096601e-08 1.0
-1.5502123239599652e-12 7.549913050297619e-08 1.0
1.302922505129478e-12 7.549927261152334e-08 1.0
-3.59872152693938e-13 -7.549981972942987e-08 -1.0
0.0 -7.54979225803254e-08 -1.0
-4.410731220365338e-13 7.549977709686573e-08 1.0
-3.6019128760340913e-13 7.549760994152166e-08 1.0
1.5470942669321142e-12 7.549801495088104e-08 1.0
8.82217747206343e-13 7.549686387164911e-08 1.0
1.4916920780191911e-12 7.54979225803254e-08 1.0
-1.0176826829161323e-12 7.549752467639337e-08 1.0
-1.232782972926394e-12 7.549878233703566e-08 1.0
1.1515830606809163e-12 7.549883207502717e-08 1.0
-1.328749529025744e-13 -7.549941472007049e-08 -1.0
-0.0 -7.54979225803254e-08 -1.0
-2.103854606803554e-13 7.54993791929337e-08 1.0
-6.28459036113721e-13 7.549768810122259e-08 1.0
-5.85594376809051e-12 7.549683544993968e-08 1.0
-5.855902134727087e-12 7.549682834451232e-08 1.0
1.5470942669321142e-12 7.549801495088104e-08 1.0
1.5471041331718838e-12 7.549801495088104e-08 1.0
1.5470942669321142e-12 7.549801495088104e-08 1.0
1.5471052173740563e-12 7.549801495088104e-08 1.0
-1.1515818680585266e-12 7.549884628588188e-08 1.0
9.89181501466485e-13 7.549892444558282e-08 1.0
-1.2918398989425484e-13 -7.549942182549785e-08 -1.0
-0.0 -7.54980220563084e-08 -1.0
0.0 -7.549684255536704e-08 -1.0
-1.2918413897205355e-13 7.549942182549785e-08 1.0
6.725432385480679e-13 7.549864733391587e-08 1.0
1.5470942669321142e-12 7.549801495088104e-08 1.0
9.589483070462923e-13 7.54979225803254e-08 1.0
1.5470942669321142e-12 7.549801495088104e-08 1.0
1.491697282189619e-12 7.54979225803254e-08 1.0
-1.1515818680585266e-12 7.549884628588188e-08 1.0
1.1552740101367087e-12 7.549883918045452e-08 1.0
-1.2918398989425484e-13 -7.549942182549785e-08 -1.0
-4.724480897645711e-13 -7.549792968575275e-08 -1.0
-1.2918413897205355e-13 7.549942182549785e-08 1.0
-6.2752163491539e-13 7.549768810122259e-08 1.0
2.2522539660108781e-13 7.549780889348767e-08 1.0
9.265084359444398e-13 7.54969491367774e-08 1.0
1.5470942669321142e-12 7.549801495088104e-08 1.0
3.153313656197032e-13 7.549586911181905e-08 1.0
-1.3822760210752127e-12 7.549922997895919e-08 1.0
1.151584253303306e-12 7.549883207502717e-08 1.0
-1.3287469540455843e-13 -7.549942182549785e-08 -1.0
-0.0 -7.549800784545369e-08 -1.0
-1.2918398989425484e-13 7.549942182549785e-08 1.0
-5.57169002775304e-13 7.5497418094983e-08 1.0
1.3068616555676066e-13 7.549779468263296e-08 1.0
1.5471041331718838e-12 7.549801495088104e-08 1.0
1.3068616555676066e-13 7.549779468263296e-08 1.0
1.4916961979874466e-12 7.549791547489804e-08 1.0
-1.1515818680585266e-12 7.549884628588188e-08 1.0
1.0703822810737007e-12 7.549887470759131e-08 1.0
-1.2918398989425484e-13 -7.549942182549785e-08 -1.0
-0.0 -7.549801495088104e-08 -1.0
-1.2918398989425484e-13 7.549942182549785e-08 1.0
-6.2752163491539e-13 7.549768810122259e-08 1.0
0.0 -7.549792968575275e-08 -1.0
7.086075433024308e-13 7.549743230583772e-08 1.0
0.0 7.549792968575275e-08 1.0
0.0 -7.549793679118011e-08 -1.0
7.086094948663413e-13 7.549743941126508e-08 1.0
0.0 7.549793679118011e-08 1.0
0.0 -7.549792968575275e-08 -1.0
1.077079506313361e-12 7.549716229959813e-08 1.0
0.0 7.549793679118011e-08 1.0
0.0 -7.549793679118011e-08 -1.0
1.0770825420794439e-12 7.549716940502549e-08 1.0
0.0 7.549793679118011e-08 1.0
-4.508319173708586e-13 -7.549793679118011e-08 -1.0
6.51916454846857e-13 7.54973683569915e-08 1.0
0.0 7.549804337259047e-08 1.0
4.608028368602302e-13 -7.549793679118011e-08 -1.0
1.0770879630903063e-12 7.549717651045285e-08 1.0
0.0 7.549804337259047e-08 1.0
4.608049510544665e-13 -7.549782310434239e-08 -1.0
6.519197074533745e-13 7.549737546241886e-08 1.0
0.0 7.549804337259047e-08 1.0
0.0 7.549784442062446e-08 1.0
3.3732820139617536e-13 7.549726177558114e-08 1.0
5.813294859597154e-14 7.549673597395667e-08 1.0
5.813294181970796e-14 7.549673597395667e-08 1.0
-5.721021800828702e-14 7.549694203135004e-08 1.0
0.0 7.549683544993968e-08 1.0
1.2346911958550227e-13 7.549625280489636e-08 1.0
-0.0 7.549682834451232e-08 1.0
-3.164777671155715e-14 7.549782310434239e-08 1.0
-3.164776315902999e-14 7.549783020976975e-08 1.0
-3.164776315902999e-14 7.549783020976975e-08 1.0
0.0 7.549686387164911e-08 1.0
-2.4694916250789234e-13 -7.549964209374593e-08 -1.0
0.0 7.549893155101017e-08 1.0
0.0 7.549533620476723e-08 1.0
-5.824386112296409e-13 7.549898839442903e-08 1.0
0.0 7.549533620476723e-08 1.0
6.470370571796946e-13 7.549769520664995e-08 1.0
-7.192372782419132e-13 7.549533620476723e-08 1.0
2.2460618434583246e-12 7.550308112058701e-08 1.0
2.7617205397567623e-12 7.54944196046381e-08 1.0
2.246062493979628e-12 7.550308822601437e-08 1.0
-5.962454922153748e-12 7.549664360340103e-08 1.0
-2.7106066956966712e-12 7.55011555497731e-08 1.0
2.0705256899202634e-13 7.549756730895751e-08 1.0
-1.2861229008870323e-12 7.549756020353016e-08 1.0
-1.9647397857952553e-12 7.550023184421661e-08 1.0
-4.3259018871373567e-13 7.549608227463978e-08 1.0
2.32933572603955e-13 7.549783020976975e-08 1.0
-6.916122405678515e-13 7.549765967951316e-08 1.0
1.3286418406449618e-12 7.550116265520046e-08 1.0
-5.412725931526474e-13 7.549627412117843e-08 1.0
-1.9647415205187313e-12 7.550023184421661e-08 1.0
-4.325907308148219e-13 7.549609648549449e-08 1.0
1.4405461415747944e-12 7.549783020976975e-08 1.0
-1.1515817596383093e-12 7.549883207502717e-08 1.0
1.6129748361612406e-12 7.549963498831858e-08 1.0
2.3179548558349694e-12 -7.549517988536536e-08 -1.0
0.0 -7.549801495088104e-08 -1.0
-0.0 -7.549665070882838e-08 -1.0
1.5945007900836083e-12 7.549369485104762e-08 1.0
0.0 7.550697489477898e-08 1.0
-1.1077514773527586e-11 7.550023184421661e-08 1.0
4.524805877204052e-12 7.550317349114266e-08 1.0
-0.0 7.549533620476723e-08 1.0
-1.0368248143724501e-12 7.550116265520046e-08 1.0
-1.2300671765885784e-11 7.548567282356089e-08 1.0
2.8027313542927645e-12 7.549652281113595e-08 1.0
3.376797810556581e-13 7.549898128900168e-08 1.0
-1.07916681233583e-12 7.549936498207899e-08 1.0
8.052016491717426e-14 7.549868996648001e-08 1.0
-1.8530103666758446e-12 7.549533620476723e-08 1.0
-1.1145069242490813e-12 7.54972688810085e-08 1.0
2.7617231418419763e-12 7.54944196046381e-08 1.0
-1.1145071410895158e-12 7.54972688810085e-08 1.0
2.1224463159219553e-12 7.549900971071111e-08 1.0
5.564531040808118e-13 7.549785152605182e-08 1.0
-8.981610485729596e-13 7.549533620476723e-08 1.0
-5.412724847324302e-13 7.549627412117843e-08 1.0
-1.9647415205187313e-12 7.550023184421661e-08 1.0
-4.325907308148219e-13 7.549609648549449e-08 1.0
1.4405461415747944e-12 7.549783020976975e-08 1.0
-6.024633916745792e-13 7.54975033601113e-08 1.0
1.5075651230850307e-12 7.55011555497731e-08 1.0
-4.325907308148219e-13 7.549609648549449e-08 1.0
-1.9647419541996003e-12 7.550023894964397e-08 1.0
-4.325907308148219e-13 7.549609648549449e-08 1.0
1.4405447321119702e-12 7.549782310434239e-08 1.0
-1.1515824101596128e-12 7.549883207502717e-08 1.0
1.6129735351186336e-12 7.549963498831858e-08 1.0
2.3179548558349694e-12 -7.549517988536536e-08 -1.0
0.0 -7.549783020976975e-08 -1.0
-0.0 -7.549900971071111e-08 -1.0
-2.91586931466456e-13 7.54993294549422e-08 1.0
0.0 7.549533620476723e-08 1.0
-1.1077514773527586e-11 7.550023184421661e-08 1.0
4.524805877204052e-12 7.550317349114266e-08 1.0
-0.0 7.549533620476723e-08 1.0
9.04952762031952e-12 7.549533620476723e-08 1.0
3.6015274963718813e-12 7.550158187541456e-08 1.0
-5.571694906662816e-13 7.5497418094983e-08 1.0
-8.948514130212304e-13 7.549775205006881e-08 1.0
-6.28928820915059e-13 7.549768099579524e-08 1.0
8.052025300860077e-14 7.549868996648001e-08 1.0
-1.853011450878017e-12 7.549533620476723e-08 1.0
-1.1145073579299503e-12 7.549726177558114e-08 1.0
2.2290099453703416e-12 7.549533620476723e-08 1.0
-1.0058247637556583e-12 7.549707703446984e-08 1.0
-2.7031816455386215e-13 7.549900971071111e-08 1.0
5.564535919717895e-13 7.549785863147918e-08 1.0
-8.981613738336114e-13 7.549533620476723e-08 1.0
-5.412718342111267e-13 7.549626701575107e-08 1.0
-2.4975123965459423e-12 7.550116265520046e-08 1.0
-3.2390965452357146e-13 7.549589042810112e-08 1.0
4.1410443325264057e-13 7.549782310434239e-08 1.0
-6.024635543049051e-13 7.54975033601113e-08 1.0
1.5075638220424237e-12 7.55011555497731e-08 1.0
-4.3259064949965897e-13 7.549608938006713e-08 1.0
8.651764742996504e-13 7.549532909933987e-08 1.0
-1.0058247637556583e-12 7.549707703446984e-08 1.0
-7.189311537585119e-13 7.549782310434239e-08 1.0
-1.1515817596383093e-12 7.549883207502717e-08 1.0
1.450569590659423e-12 7.549972025344687e-08 1.0
-1.291837866063475e-13 -7.549942182549785e-08 -1.0
0.0 -7.549783020976975e-08 -1.0
0.0 -7.549900971071111e-08 -1.0
-2.9158682304623873e-13 7.54993294549422e-08 1.0
0.0 7.549533620476723e-08 1.0
7.20307754414895e-12 7.549533620476723e-08 1.0
4.524803708799707e-12 7.55031663857153e-08 1.0
-0.0 7.549533620476723e-08 1.0
9.049472109168288e-12 7.549533620476723e-08 1.0
3.601557854032711e-12 7.55015747699872e-08 1.0
-5.571684606742178e-13 7.549741098955565e-08 1.0
-8.94852334593077e-13 7.549775915549617e-08 1.0
-6.28927519872452e-13 7.549768099579524e-08 1.0
8.052019202222857e-14 7.549868286105266e-08 1.0
-1.853009716154541e-12 7.549533620476723e-08 1.0
-1.1145069242490813e-12 7.54972688810085e-08 1.0
2.7617231418419763e-12 7.54944196046381e-08 1.0
-5.291337029991738e-13 7.549846969823193e-08 1.0
4.914202291622649e-12 7.549846969823193e-08 1.0
6.470371655999119e-13 7.549770231207731e-08 1.0
-7.192374408722391e-13 7.549533620476723e-08 1.0
2.2460622771391936e-12 7.550308822601437e-08 1.0
-1.9647419541996003e-12 7.550023894964397e-08 1.0
-4.325907308148219e-13 7.549609648549449e-08 1.0
1.4405447321119702e-12 7.549782310434239e-08 1.0
-6.024634458846878e-13 7.549749625468394e-08 1.0
1.50756436414351e-12 7.550114844434574e-08 1.0
-4.325907308148219e-13 7.549609648549449e-08 1.0
-6.009300045420329e-13 7.550023894964397e-08 1.0
-4.3259059528955035e-13 7.549608227463978e-08 1.0
-5.280578925515034e-12 7.549782310434239e-08 1.0
2.77929870957927e-12 7.549437697207395e-08 1.0
1.6129735351186336e-12 7.549963498831858e-08 1.0
2.3179557231967074e-12 -7.5495172779938e-08 -1.0
0.0 -7.549783020976975e-08 -1.0
-4.608035958017509e-13 -7.549783020976975e-08 -1.0
-2.91586931466456e-13 7.54993294549422e-08 1.0
0.0 7.549533620476723e-08 1.0
-1.1077546865911891e-11 7.550023894964397e-08 1.0
4.524811515055349e-12 7.55031663857153e-08 1.0
-0.0 7.549533620476723e-08 1.0
9.04952762031952e-12 7.549533620476723e-08 1.0
3.6015274963718813e-12 7.550158187541456e-08 1.0
-5.571694906662816e-13 7.5497418094983e-08 1.0
-8.948516298616649e-13 7.549775915549617e-08 1.0
-6.289286040746245e-13 7.549768099579524e-08 1.0
6.470372198100205e-13 7.549769520664995e-08 1.0
-4.517404245812928e-13 7.549579805754547e-08 1.0
-3.7931536709355507e-13 7.549598990408413e-08 1.0
-5.478255110831498e-13 7.549759573066694e-08 1.0
1.5075640388828582e-12 7.55011555497731e-08 1.0
-4.3259059528955035e-13 7.549608227463978e-08 1.0
-2.710611899867099e-12 7.550116265520046e-08 1.0
-4.325906766047133e-13 7.549608227463978e-08 1.0
2.7031816455386215e-13 7.54979225803254e-08 1.0
-5.478255110831498e-13 7.54976028360943e-08 1.0
-1.8530108003567136e-12 7.549532909933987e-08 1.0
-1.114506815828864e-12 7.549726177558114e-08 1.0
-1.4653211369980434e-12 7.549918734639505e-08 1.0
1.2327852497509562e-12 7.549878233703566e-08 1.0
-3.580264069154987e-13 -7.549981972942987e-08 -1.0
0.0 -7.54979225803254e-08 -1.0
-6.27462152873702e-14 7.549893155101017e-08 1.0
0.0 7.549704861276041e-08 1.0
-1.4880572902359335e-12 7.549791547489804e-08 1.0
8.130915211956857e-12 7.549532909933987e-08 1.0
1.6867066012123122e-13 7.550012526280625e-08 1.0
1.689446380102183e-13 7.54947038217324e-08 1.0
-0.0 7.549533620476723e-08 1.0
6.402929835641613e-12 7.549579805754547e-08 1.0
2.3418669347491372e-12 7.550031000391755e-08 1.0
-4.952631187105094e-13 7.54976525740858e-08 1.0
2.229012330615121e-12 7.549533620476723e-08 1.0
-3.7931506893795763e-13 7.549598990408413e-08 1.0
3.6234161287715394e-13 7.54979225803254e-08 1.0
-5.478259447640188e-13 7.549759573066694e-08 1.0
1.5075646894041617e-12 7.55011555497731e-08 1.0
-4.3259081212998485e-13 7.549608938006713e-08 1.0
-5.478256195033671e-13 7.54976028360943e-08 1.0
1.5075638220424237e-12 7.55011555497731e-08 1.0
-4.3259064949965897e-13 7.549608938006713e-08 1.0
7.586289452535255e-13 7.549533620476723e-08 1.0
-1.114506815828864e-12 7.549726177558114e-08 1.0
1.4916916443383221e-12 7.549791547489804e-08 1.0
-1.232784273969001e-12 7.549878944246302e-08 1.0
1.232784273969001e-12 7.549878233703566e-08 1.0
-4.392276473086376e-13 -7.549977709686573e-08 -1.0
0.0 -7.54979225803254e-08 -1.0
1.234696345815342e-13 7.54966151816916e-08 1.0
-7.753742309671297e-13 7.549801495088104e-08 1.0
-3.6015686960544357e-12 7.550158187541456e-08 1.0
2.6365487484220074e-12 7.549533620476723e-08 1.0
6.47689150576336e-13 7.549650860028123e-08 1.0
0.0 7.549533620476723e-08 1.0
2.3607306972976694e-13 7.549743230583772e-08 1.0
-2.6857408983414766e-13 7.549790126404332e-08 1.0
0.0 7.549533620476723e-08 1.0
-1.2918419318216218e-13 7.549942182549785e-08 1.0
0.0 7.549705571818777e-08 1.0
-1.4880578323370197e-12 7.549791547489804e-08 1.0
8.130839751485652e-12 7.549533620476723e-08 1.0
3.6015769359909466e-12 7.550158187541456e-08 1.0
-0.0 7.54979723183169e-08 1.0
-7.611076482602619e-13 7.549665781425574e-08 1.0
2.1141864300910918e-12 7.549827785169327e-08 1.0
-2.9761108941844805e-12 7.549533620476723e-08 1.0
2.8011946061334836e-12 7.550111291720896e-08 1.0
1.3515915003956686e-13 7.54987752316083e-08 1.0
-1.853011450878017e-12 7.549533620476723e-08 1.0
-1.1145073579299503e-12 7.549726177558114e-08 1.0
2.229014065338597e-12 7.549532909933987e-08 1.0
2.299334550884269e-12 7.550299585545872e-08 1.0
1.4916868738487632e-12 7.54979225803254e-08 1.0
5.564535919717895e-13 7.549785863147918e-08 1.0
-8.981613738336114e-13 7.549533620476723e-08 1.0
-5.412718342111267e-13 7.549626701575107e-08 1.0
-1.9647426047209038e-12 7.550023894964397e-08 1.0
-4.325909476552564e-13 7.549608227463978e-08 1.0
2.3293373523428085e-13 7.549782310434239e-08 1.0
-2.7106112493457957e-12 7.550116265520046e-08 1.0
-4.325907308148219e-13 7.549609648549449e-08 1.0
3.0770308176442107e-13 7.54980220563084e-08 1.0
-6.009285408691001e-13 7.550022473878926e-08 1.0
-4.3259086634009347e-13 7.549608227463978e-08 1.0
-5.280581527600248e-12 7.549783020976975e-08 1.0
2.779298275898401e-12 7.549438407750131e-08 1.0
1.6129723424962439e-12 7.549962788289122e-08 1.0
2.3179526874306244e-12 -7.549517988536536e-08 -1.0
9.216057821406776e-13 -7.549783020976975e-08 -1.0
0.0 -7.54979225803254e-08 -1.0
-2.9158682304623873e-13 7.54993294549422e-08 1.0
0.0 7.549533620476723e-08 1.0
-1.107738813871384e-11 7.550023894964397e-08 1.0
-0.0 7.550055869387506e-08 1.0
0.0 7.549348879365425e-08 1.0
-9.215948316987355e-13 7.549693492592269e-08 1.0
9.049472109168288e-12 7.549533620476723e-08 1.0
3.601557854032711e-12 7.55015747699872e-08 1.0
-5.571684606742178e-13 7.549741098955565e-08 1.0
-1.6883989052782905e-13 7.549780889348767e-08 1.0
8.052016491717426e-14 7.549868996648001e-08 1.0
-1.8530103666758446e-12 7.549533620476723e-08 1.0
-1.1145054063660398e-12 7.54972688810085e-08 1.0
2.7617157692672034e-12 7.549441249921074e-08 1.0
-1.1145093094938607e-12 7.54972688810085e-08 1.0
2.1224463159219553e-12 7.549900971071111e-08 1.0
5.564529956605946e-13 7.549785152605182e-08 1.0
-8.981608317325251e-13 7.549533620476723e-08 1.0
-5.412716173706922e-13 7.549627412117843e-08 1.0
-1.9647363163483034e-12 7.550023184421661e-08 1.0
-4.3259037844911585e-13 7.549608938006713e-08 1.0
1.4405403953032803e-12 7.549782310434239e-08 1.0
-6.916121321476343e-13 7.54976525740858e-08 1.0
1.328640214341703e-12 7.55011555497731e-08 1.0
-5.412716173706922e-13 7.549627412117843e-08 1.0
-1.9647397857952553e-12 7.550023184421661e-08 1.0
-4.3259081212998485e-13 7.549608938006713e-08 1.0
2.32933572603955e-13 7.549783020976975e-08 1.0
-1.1515817596383093e-12 7.549883207502717e-08 1.0
1.612978088767758e-12 7.549962788289122e-08 1.0
2.317958108441487e-12 -7.549518699079272e-08 -1.0
0.0 -7.549801495088104e-08 -1.0
-0.0 -7.549900971071111e-08 -1.0
-2.91586931466456e-13 7.54993294549422e-08 1.0
0.0 7.549685676622175e-08 1.0
-1.3182673268968825e-12 7.549761704694902e-08 1.0
-1.1077519110336276e-11 7.550023894964397e-08 1.0
4.524817586587515e-12 7.550317349114266e-08 1.0
-0.0 7.549533620476723e-08 1.0
9.049583131470751e-12 7.549533620476723e-08 1.0
3.6015274963718813e-12 7.550158187541456e-08 1.0
-8.94851900912208e-13 7.549775205006881e-08 1.0
-6.289272488219089e-13 7.549768810122259e-08 1.0
8.052016491717426e-14 7.549868996648001e-08 1.0
-1.8530103666758446e-12 7.549533620476723e-08 1.0
-1.1145054063660398e-12 7.54972688810085e-08 1.0
2.7617205397567623e-12 7.54944196046381e-08 1.0
2.2460657465861456e-12 7.550308822601437e-08 1.0
1.440535950074373e-12 7.549783020976975e-08 1.0
5.564532125010291e-13 7.549786573690653e-08 1.0
-8.981613738336114e-13 7.549533620476723e-08 1.0
-5.412725931526474e-13 7.549627412117843e-08 1.0
-1.9647397857952553e-12 7.550023184421661e-08 1.0
-4.3259081212998485e-13 7.549608938006713e-08 1.0
2.32933572603955e-13 7.549783020976975e-08 1.0
-6.024633916745792e-13 7.54975033601113e-08 1.0
1.5075638220424237e-12 7.55011555497731e-08 1.0
-4.325900531884641e-13 7.549609648549449e-08 1.0
-6.009290829701863e-13 7.550023184421661e-08 1.0
-4.3259081212998485e-13 7.549608938006713e-08 1.0
2.32933572603955e-13 7.549783020976975e-08 1.0
2.779298275898401e-12 7.549438407750131e-08 1.0
1.6129739687995026e-12 7.549962788289122e-08 1.0
2.317958108441487e-12 -7.549518699079272e-08 -1.0
0.0 -7.549783020976975e-08 -1.0
-0.0 -7.549783020976975e-08 -1.0
-2.91586931466456e-13 7.54993294549422e-08 1.0
0.0 7.549685676622175e-08 1.0
-1.3182673268968825e-12 7.549761704694902e-08 1.0
-1.1077519110336276e-11 7.550023894964397e-08 1.0
4.524817586587515e-12 7.550317349114266e-08 1.0
-0.0 7.549533620476723e-08 1.0
9.04952762031952e-12 7.549533620476723e-08 1.0
3.6015274963718813e-12 7.550158187541456e-08 1.0
-8.94851900912208e-13 7.549775205006881e-08 1.0
-6.289283330240814e-13 7.549768099579524e-08 1.0
1.3515920424967548e-13 7.549878233703566e-08 1.0
-1.8530081982714997e-12 7.549533620476723e-08 1.0
-1.1145054063660398e-12 7.54972688810085e-08 1.0
2.7617294302145767e-12 7.549441249921074e-08 1.0
2.2460666139478835e-12 7.550309533144173e-08 1.0
1.4405414795054527e-12 7.549782310434239e-08 1.0
5.564541882829843e-13 7.549785863147918e-08 1.0
-8.981586633281802e-13 7.549533620476723e-08 1.0
-5.412716173706922e-13 7.549627412117843e-08 1.0
-1.964748893093504e-12 7.550023184421661e-08 1.0
-4.325915710715056e-13 7.549608938006713e-08 1.0
1.4405414795054527e-12 7.549782310434239e-08 1.0
-2.7106155861544856e-12 7.550116265520046e-08 1.0
-4.325900531884641e-13 7.549609648549449e-08 1.0
3.0770302755431245e-13 7.549801495088104e-08 1.0
-6.009309803239882e-13 7.550023894964397e-08 1.0
-4.325915710715056e-13 7.549608938006713e-08 1.0
-5.280561144599405e-12 7.549782310434239e-08 1.0
2.7793013116644838e-12 7.549437697207395e-08 1.0
1.6129714751345059e-12 7.549962788289122e-08 1.0
2.3179544221541004e-12 -7.549517988536536e-08 -1.0
9.216043726778533e-13 -7.549783020976975e-08 -1.0
-0.0 -7.54979225803254e-08 -1.0
-1.2918413897205355e-13 7.549942182549785e-08 1.0
0.0 7.549533620476723e-08 1.0
-1.1077510436718896e-11 7.550023184421661e-08 1.0
-0.0 7.550055869387506e-08 1.0
0.0 7.549348879365425e-08 1.0
-9.215934222359112e-13 7.549693492592269e-08 1.0
9.049568386321205e-12 7.549533620476723e-08 1.0
-2.0506502312195307e-12 7.54983062734027e-08 1.0
1.718255203918273e-12 7.549831337883006e-08 1.0
-6.28926652510714e-13 7.549767389036788e-08 1.0
6.010263359050583e-13 7.549778047177824e-08 1.0
-8.095853089480631e-13 7.549533620476723e-08 1.0
-4.858661758512517e-13 7.549618175062278e-08 1.0
-2.3398019632914213e-12 7.550069369699486e-08 1.0
-4.858661758512517e-13 7.549618175062278e-08 1.0
1.4916915359181049e-12 7.54979225803254e-08 1.0
-6.024633916745792e-13 7.54975033601113e-08 1.0
1.5075638220424237e-12 7.55011555497731e-08 1.0
-4.325900531884641e-13 7.549609648549449e-08 1.0
7.586289452535255e-13 7.549533620476723e-08 1.0
-1.1145073579299503e-12 7.549726177558114e-08 1.0
1.4916915359181049e-12 7.54979225803254e-08 1.0
-1.2327823224050904e-12 7.549878233703566e-08 1.0
1.3029226135496952e-12 7.54992797169507e-08 1.0
-3.580266779660418e-13 -7.549981972942987e-08 -1.0
-4.608035958017509e-13 -7.549783020976975e-08 -1.0
-2.91586931466456e-13 7.54993294549422e-08 1.0
0.0 7.549704861276041e-08 1.0
-1.4880500260813778e-12 7.549790836947068e-08 1.0
8.130889191104718e-12 7.549534331019458e-08 1.0
4.0654719174471055e-12 7.550237768327861e-08 1.0
4.607834838514513e-13 7.549453329147582e-08 1.0
8.130932559191617e-12 7.549533620476723e-08 1.0
3.6015274963718813e-12 7.550158187541456e-08 1.0
-6.247073713362694e-13 7.549768099579524e-08 1.0
-3.6300528013198663e-13 7.549760994152166e-08 1.0
7.548794488804189e-13 7.549789415861596e-08 1.0
-7.192364108801752e-13 7.549533620476723e-08 1.0
-4.325900531884641e-13 7.549609648549449e-08 1.0
-2.604068002898252e-12 7.55011555497731e-08 1.0
-3.793162886654017e-13 7.549599700951148e-08 1.0
3.220812288748376e-13 7.549782310434239e-08 1.0
-5.478256195033671e-13 7.54976028360943e-08 1.0
1.5075638220424237e-12 7.55011555497731e-08 1.0
-4.325900531884641e-13 7.549609648549449e-08 1.0
7.586294873546118e-13 7.549533620476723e-08 1.0
-1.1145093094938607e-12 7.54972688810085e-08 1.0
1.4916857896465907e-12 7.549791547489804e-08 1.0
-1.232782972926394e-12 7.549878944246302e-08 1.0
1.4653224380406504e-12 7.549918734639505e-08 1.0
-4.392276473086376e-13 -7.549977709686573e-08 -1.0
4.608021863389267e-13 -7.549783020976975e-08 -1.0
-3.580268405963677e-13 7.549981972942987e-08 1.0
0.0 7.549705571818777e-08 1.0
-1.4880516523846365e-12 7.549791547489804e-08 1.0
8.130839751485652e-12 7.549533620476723e-08 1.0
3.601587994853106e-12 7.550158187541456e-08 1.0
-4.608002347750162e-13 7.549751046553865e-08 1.0
-8.591319387678265e-13 7.549682834451232e-08 1.0
2.5754754232054644e-12 7.54985407525055e-08 1.0
-2.976102003726666e-12 7.549533620476723e-08 1.0
4.065437656658455e-12 7.550237057785125e-08 1.0
2.229001488593396e-12 7.549532909933987e-08 1.0
-3.767205731391998e-13 7.54985407525055e-08 1.0
4.868131939228526e-12 7.549854785793286e-08 1.0
2.2290155832216385e-12 7.549533620476723e-08 1.0
-3.7672081708468863e-13 7.54985407525055e-08 1.0
4.868128469781574e-12 7.54985407525055e-08 1.0
-1.9647363163483034e-12 7.550023184421661e-08 1.0
2.0705254188697203e-13 7.549756020353016e-08 1.0
-1.2861222503657288e-12 7.549757441438487e-08 1.0
7.548789067793327e-13 7.549789415861596e-08 1.0
-7.192381456036512e-13 7.549533620476723e-08 1.0
-4.3259037844911585e-13 7.549608938006713e-08 1.0
-1.9647363163483034e-12 7.550023184421661e-08 1.0
2.0705254188697203e-13 7.549756020353016e-08 1.0
-1.2861222503657288e-12 7.549757441438487e-08 1.0
-2.4975132639076802e-12 7.55011555497731e-08 1.0
4.227320262503026e-13 7.549756020353016e-08 1.0
-1.2861229008870323e-12 7.549756020353016e-08 1.0
-1.1515817596383093e-12 7.549883207502717e-08 1.0
1.612978088767758e-12 7.549962788289122e-08 1.0
1.7569022408778223e-12 -7.549378722160327e-08 -1.0
0.0 -7.549801495088104e-08 -1.0
0.0 -7.549684255536704e-08 -1.0
1.756911239755854e-12 7.549379432703063e-08 1.0
0.0 7.550698200020634e-08 1.0
4.5007786560191665e-12 7.549017766450561e-08 1.0
-1.837423876244193e-12 7.550116265520046e-08 1.0
3.6015686960544357e-12 7.550158187541456e-08 1.0
-0.0 7.54979723183169e-08 1.0
-7.611052630154824e-13 7.549665070882838e-08 1.0
5.638807563240755e-13 7.550023184421661e-08 1.0
-1.2300532988007706e-11 7.548567282356089e-08 1.0
2.2230467792115627e-13 7.550033132019962e-08 1.0
2.229001488593396e-12 7.549532909933987e-08 1.0
4.227322701957914e-13 7.549756020353016e-08 1.0
-1.2861222503657288e-12 7.549757441438487e-08 1.0
-2.4975132639076802e-12 7.55011555497731e-08 1.0
4.227320262503026e-13 7.549756020353016e-08 1.0
-1.2861229008870323e-12 7.549756020353016e-08 1.0
-2.2332498263860634e-12 7.550069369699486e-08 1.0
3.1345453034396786e-13 7.549756020353016e-08 1.0
-1.2861222503657288e-12 7.549757441438487e-08 1.0
-5.478254026629326e-13 7.549759573066694e-08 1.0
-1.8530103666758446e-12 7.549533620476723e-08 1.0
-1.1145054063660398e-12 7.54972688810085e-08 1.0
-1.4653208117373917e-12 7.549918024096769e-08 1.0
1.1515830606809163e-12 7.549883207502717e-08 1.0
-1.2918398989425484e-13 -7.549942182549785e-08 -1.0
0.0 -7.54980220563084e-08 -1.0
-1.2918465396808548e-13 7.549942182549785e-08 1.0
4.607848933142755e-13 7.549454039690318e-08 1.0
-1.0253230556256376e-12 7.550008973566946e-08 1.0
1.7144163692861536e-12 7.549533620476723e-08 1.0
3.6015686960544357e-12 7.550158187541456e-08 1.0
-0.0 7.549797942374425e-08 1.0
-7.611062387974377e-13 7.549665070882838e-08 1.0
7.203121779597588e-12 7.549533620476723e-08 1.0
2.801139311822687e-12 7.550112002263631e-08 1.0
-5.571692196157385e-13 7.549742520041036e-08 1.0
2.229004524359479e-12 7.549533620476723e-08 1.0
-4.32591869227103e-13 7.549608938006713e-08 1.0
1.5470931827299417e-12 7.549800784545369e-08 1.0
-2.497516733354632e-12 7.550116265520046e-08 1.0
-4.325915710715056e-13 7.549608938006713e-08 1.0
3.077033799200185e-13 7.549801495088104e-08 1.0
-2.2332608852482227e-12 7.550070080242222e-08 1.0
3.1345428639847905e-13 7.549756730895751e-08 1.0
-1.2861304903022397e-12 7.549756020353016e-08 1.0
7.586276442109186e-13 7.549532909933987e-08 1.0
-1.1145100684353815e-12 7.549726177558114e-08 1.0
-8.655949763382298e-13 7.549791547489804e-08 1.0
-1.2327860086924769e-12 7.549878233703566e-08 1.0
1.1515794828137471e-12 7.549883207502717e-08 1.0
-1.2918374594876603e-13 -7.549942182549785e-08 -1.0
0.0 -7.549800784545369e-08 -1.0
-1.2918398989425484e-13 7.549942182549785e-08 1.0
0.0 7.549533620476723e-08 1.0
7.203033742381182e-12 7.549533620476723e-08 1.0
3.6015467951705515e-12 7.550158187541456e-08 1.0
-0.0 7.549533620476723e-08 1.0
7.203033742381182e-12 7.549533620476723e-08 1.0
3.6016066431304727e-12 7.55015747699872e-08 1.0
-5.571677559428057e-13 7.5497418094983e-08 1.0
-5.571682438337833e-13 7.549741098955565e-08 1.0
-5.571687317247609e-13 7.5497418094983e-08 1.0
2.493227412719845e-12 7.549487435198898e-08 1.0
-4.858669890028811e-13 7.549617464519542e-08 1.0
1.5470931827299417e-12 7.549800784545369e-08 1.0
-4.946253909926535e-13 7.549768810122259e-08 1.0
1.5075656651861169e-12 7.55011555497731e-08 1.0
-4.325915710715056e-13 7.549608938006713e-08 1.0
-2.2332498263860634e-12 7.550069369699486e-08 1.0
-4.858669890028811e-13 7.549617464519542e-08 1.0
1.5470931827299417e-12 7.549800784545369e-08 1.0
-5.478257279235843e-13 7.549759573066694e-08 1.0
-1.8530125350801896e-12 7.549533620476723e-08 1.0
-1.1145093094938607e-12 7.54972688810085e-08 1.0
-1.4653208117373917e-12 7.549918024096769e-08 1.0
1.3841215500132176e-12 7.549922997895919e-08 1.0
-1.2918398989425484e-13 -7.549942182549785e-08 -1.0
0.0 -7.549801495088104e-08 -1.0
-1.291842473922708e-13 7.549942182549785e-08 1.0
4.607820743886271e-13 7.549453329147582e-08 1.0
-1.0253230556256376e-12 7.550008973566946e-08 1.0
1.7144163692861536e-12 7.549533620476723e-08 1.0
3.6015686960544357e-12 7.550158187541456e-08 1.0
-0.0 7.549533620476723e-08 1.0
8.931088507635465e-12 7.549487435198898e-08 1.0
2.8011859325161037e-12 7.550112002263631e-08 1.0
-5.571692196157385e-13 7.5497418094983e-08 1.0
-5.571692196157385e-13 7.549742520041036e-08 1.0
0.0 -7.549793679118011e-08 -1.0
1.1294399660313759e-12 7.549724045929906e-08 1.0
-8.651810821588835e-13 7.549533620476723e-08 1.0
0.0 7.549793679118011e-08 1.0
0.0 7.549616043434071e-08 1.0
-1.058079080080987e-12 7.549717651045285e-08 1.0
-1.0629126702063618e-12 7.549717651045285e-08 1.0
0.0 -7.549793679118011e-08 -1.0
1.1294405081324621e-12 7.549723335387171e-08 1.0
-8.651807568982317e-13 7.549533620476723e-08 1.0
0.0 7.549793679118011e-08 1.0
8.651807568982317e-13 7.549533620476723e-08 1.0
-1.0580801642831594e-12 7.549717651045285e-08 1.0
-1.0629131038872308e-12 7.549716940502549e-08 1.0
0.0 -7.549793679118011e-08 -1.0
1.060540219012529e-12 7.549717651045285e-08 1.0
-8.651822747812732e-13 7.549533620476723e-08 1.0
0.0 7.549793679118011e-08 1.0
6.47819146416817e-13 7.549532909933987e-08 1.0
-1.2057176004137693e-12 7.549711256160663e-08 1.0
-1.0629103933817996e-12 7.549717651045285e-08 1.0
0.0 -7.549793679118011e-08 -1.0
1.060542387416874e-12 7.549717651045285e-08 1.0
-8.651819495206214e-13 7.549533620476723e-08 1.0
0.0 7.549793679118011e-08 1.0
8.651822747812732e-13 7.549533620476723e-08 1.0
-1.0580796221820732e-12 7.549716940502549e-08 1.0
-1.0629103933817996e-12 7.549717651045285e-08 1.0
0.0 -7.549804337259047e-08 -1.0
1.2057198772383315e-12 7.549711256160663e-08 1.0
-6.478209895605103e-13 7.549533620476723e-08 1.0
-1.5360062939444308e-13 7.549793679118011e-08 1.0
8.651739806346537e-13 7.549533620476723e-08 1.0
-1.1319001291809627e-12 7.549724045929906e-08 1.0
-1.105427923676905e-12 7.549724756472642e-08 1.0
-0.0 -7.549804337259047e-08 -1.0
1.205718793036159e-12 7.549711256160663e-08 1.0
-6.478209895605103e-13 7.549533620476723e-08 1.0
0.0 7.549793679118011e-08 1.0
8.651789137545385e-13 7.549533620476723e-08 1.0
-1.1319033817874802e-12 7.549724045929906e-08 1.0
-1.1054334531079846e-12 7.549724756472642e-08 1.0
-4.608034873815336e-13 -7.549804337259047e-08 -1.0
1.205718793036159e-12 7.549711256160663e-08 1.0
-6.478209895605103e-13 7.549533620476723e-08 1.0
0.0 7.549782310434239e-08 1.0
8.651764742996504e-13 7.549532909933987e-08 1.0
-1.1319012133831352e-12 7.549724045929906e-08 1.0
-1.1054334531079846e-12 7.549724756472642e-08 1.0
-2.2636621310051508e-12 7.550023184421661e-08 1.0
-7.286431115589853e-13 7.549936498207899e-08 1.0
0.0 7.549533620476723e-08 1.0
0.0 7.549721203758963e-08 1.0
0.0 7.549533620476723e-08 1.0
-3.6015686960544357e-12 7.550158187541456e-08 1.0
-2.848304274730151e-13 7.549801495088104e-08 1.0
1.2646319809492962e-13 7.549761704694902e-08 1.0
-7.413301201207589e-13 7.549811442686405e-08 1.0
-3.601557854032711e-12 7.55015747699872e-08 1.0
-2.2636742740694826e-12 7.550023894964397e-08 1.0
-6.679223688889346e-13 7.549927261152334e-08 1.0
3.370621381830474e-13 7.549591174438319e-08 1.0
9.215600288089987e-13 7.549374458903912e-08 1.0
0.0 7.549721203758963e-08 1.0
-2.848316743055135e-13 7.549801495088104e-08 1.0
1.2646337427778265e-13 7.549761704694902e-08 1.0
-7.413286564478261e-13 7.549811442686405e-08 1.0
-0.0 7.549645886228973e-08 1.0
-0.0 7.549645886228973e-08 1.0
-1.2346943129362686e-13 7.549662228711895e-08 1.0
-0.0 7.549682834451232e-08 1.0
0.0 7.549683544993968e-08 1.0
0.0 7.549683544993968e-08 1.0
6.643057957021747e-13 7.549797942374425e-08 1.0
6.643059583325006e-13 7.549798652917161e-08 1.0
6.643059583325006e-13 7.549798652917161e-08 1.0
1.23476302424895e-13 7.550069369699486e-08 1.0
2.631956610120445e-13 7.550018210622511e-08 1.0
1.5280011414139927e-12 7.549798652917161e-08 1.0
-1.3182783857590419e-12 7.549761704694902e-08 1.0
7.203121779597588e-12 7.549533620476723e-08 1.0
-1.6452246466222564e-12 7.550116265520046e-08 1.0
4.615636757347719e-13 7.549453329147582e-08 1.0
-1.0253230556256376e-12 7.550008973566946e-08 1.0
3.6015686960544357e-12 7.550158187541456e-08 1.0
-2.6365487484220074e-12 7.549533620476723e-08 1.0
0.0 7.549801495088104e-08 1.0
4.608027284400129e-13 7.54979225803254e-08 1.0
0.0 7.54968496607944e-08 1.0
-4.608545533038577e-13 -7.550617198148757e-08 -1.0
-1.6894668444181887e-13 -7.5507273322728e-08 -1.0
1.0650081511132115e-11 -7.54944196046381e-08 -1.0
-7.006851153977534e-13 -7.549654412741802e-08 -1.0
-2.469417086179565e-13 -7.549733282985471e-08 -1.0
-0.0 -7.549533620476723e-08 -1.0
-9.049472109168288e-12 -7.549533620476723e-08 -1.0
-0.0 -7.550697489477898e-08 -1.0
7.006880427436191e-13 -7.549795100203482e-08 -1.0
0.0 -7.550697489477898e-08 -1.0
-9.049545834916017e-12 -7.549533620476723e-08 -1.0
1.6578423746652082e-12 -7.54982067974197e-08 -1.0
5.211775021968235e-13 -7.54975530981028e-08 -1.0
0.0 -7.549532909933987e-08 -1.0
5.57169436456173e-13 -7.549741098955565e-08 -1.0
-3.60158192332094e-12 -7.550158187541456e-08 -1.0
2.8429580738176252e-12 -7.55011555497731e-08 -1.0
4.065450667084525e-12 -7.550237768327861e-08 -1.0
1.2327826476657422e-12 -7.549878233703566e-08 -1.0
-2.3917573650777957e-12 -7.549468250545033e-08 -1.0
-1.4880584828583232e-12 -7.549791547489804e-08 -1.0
8.130893527913408e-12 -7.549533620476723e-08 -1.0
-5.373902711713896e-12 -7.549640912429822e-08 -1.0
-1.686552102402733e-13 -7.54932116819873e-08 -1.0
1.1593664396569725e-12 -7.549816416485555e-08 -1.0
0.0 -7.549704861276041e-08 -1.0
9.049472109168288e-12 -7.549533620476723e-08 -1.0
-0.0 -7.549533620476723e-08 -1.0
-9.040433332496711e-12 -7.549533620476723e-08 -1.0
1.65784269992586e-12 -7.54982067974197e-08 -1.0
-4.442168746558728e-13 -7.549699176934155e-08 -1.0
0.0 -7.549775915549617e-08 -1.0
-0.0 -7.550697489477898e-08 -1.0
-1.7144163692861536e-12 -7.549533620476723e-08 -1.0
1.0253230556256376e-12 -7.550008973566946e-08 -1.0
-4.60783809112103e-13 -7.549454039690318e-08 -1.0
-3.601587994853106e-12 -7.550158187541456e-08 -1.0
0.0 -7.549797942374425e-08 -1.0
-1.8374232257228895e-12 -7.55011555497731e-08 -1.0
-4.608039210624026e-13 -7.549783020976975e-08 -1.0
-0.0 -7.54979225803254e-08 -1.0
0.0 -7.550698200020634e-08 -1.0
1.065010926670773e-11 -7.549441249921074e-08 -1.0
-7.006864164403603e-13 -7.549654412741802e-08 -1.0
-2.4694160019773925e-13 -7.549733282985471e-08 -1.0
-0.0 -7.549533620476723e-08 -1.0
-9.049519814063878e-12 -7.549533620476723e-08 -1.0
4.608531438410335e-13 -7.550617908691493e-08 -1.0
7.006883680042708e-13 -7.549795100203482e-08 -1.0
1.6894656246907447e-13 -7.5507273322728e-08 -1.0
1.0650052888194761e-11 -7.549441249921074e-08 -1.0
-0.0 -7.549685676622175e-08 -1.0
-1.3182702542427482e-12 -7.549761704694902e-08 -1.0
-7.203121779597588e-12 -7.549533620476723e-08 -1.0
1.3182673268968825e-12 -7.549762415237637e-08 -1.0
6.097550849654132e-13 -7.549721914301699e-08 -1.0
-1.6714855411228968e-12 -7.549853364707815e-08 -1.0
-0.0 -7.550698200020634e-08 -1.0
0.0 -7.549533620476723e-08 -1.0
2.6279902733128413e-12 -7.549482461399748e-08 -1.0
-1.6129718003951576e-12 -7.549962788289122e-08 -1.0
-1.184157372852157e-11 -7.548646863142494e-08 -1.0
1.8312094462319406e-12 -7.550014657908832e-08 -1.0
-3.6015686960544357e-12 -7.550158187541456e-08 -1.0
2.6365487484220074e-12 -7.549533620476723e-08 -1.0
-0.0 -7.549533620476723e-08 -1.0
0.0 -7.549756730895751e-08 -1.0
0.0 -7.549533620476723e-08 -1.0
-1.155051206590263e-12 -7.550069369699486e-08 -1.0
-1.028411188673528e-12 -7.549711966703399e-08 -1.0
1.7699996199618817e-12 -7.549991920541288e-08 -1.0
-2.27562781986157e-12 -7.549817127028291e-08 -1.0
-1.2918398989425484e-13 -7.549942182549785e-08 -1.0
1.6055852394142311e-12 -7.549424196895416e-08 -1.0
0.0 -7.549533620476723e-08 -1.0
2.8429515686045903e-12 -7.55011555497731e-08 -1.0
4.065437656658455e-12 -7.550237057785125e-08 -1.0
-2.476332940787307e-13 -7.550040947990055e-08 -1.0
0.0 -7.549949998519878e-08 -1.0
2.1038523028739375e-13 -7.549937208750634e-08 -1.0
-1.675699834967348e-12 -7.549374458903912e-08 -1.0
0.0 -7.549277825091849e-08 -1.0
-1.561467751973189e-12 -7.549861180677908e-08 -1.0
-3.601587994853106e-12 -7.550158187541456e-08 -1.0
3.6016287608547914e-12 -7.550156766455984e-08 -1.0
0.0 -7.549685676622175e-08 -1.0
-2.63653248538942e-12 -7.549533620476723e-08 -1.0
-3.6015686960544357e-12 -7.550158187541456e-08 -1.0
2.6365487484220074e-12 -7.549533620476723e-08 -1.0
2.6365546031137388e-12 -7.549533620476723e-08 -1.0
-1.2346764236004226e-13 -7.549533620476723e-08 -1.0
4.065459340701905e-12 -7.550237057785125e-08 -1.0
-3.601587994853106e-12 -7.550158187541456e-08 -1.0
-6.287425007717173e-13 -7.549721914301699e-08 -1.0
-0.0 -7.549831337883006e-08 -1.0
-3.182507859675332e-12 -7.55011555497731e-08 -1.0
0.0 -7.549685676622175e-08 -1.0
3.6015686960544357e-12 -7.550158187541456e-08 -1.0
0.0 -7.549801495088104e-08 -1.0
0.0 -7.54979225803254e-08 -1.0
0.0 -7.54979225803254e-08 -1.0
-4.724480897645711e-13 -7.549792968575275e-08 -1.0
1.6413807162399263e-12 -7.550116265520046e-08 -1.0
-4.608030537006647e-13 -7.549751757096601e-08 -1.0
-4.607848933142755e-13 -7.549454039690318e-08 -1.0
-0.0 -7.549625280489636e-08 -1.0
-4.2660020481422034e-12 -7.549523672878422e-08 -1.0
-1.756900397734129e-12 -7.549378722160327e-08 -1.0
3.815786662336729e-12 -7.549550673502381e-08 -1.0
0.0 -7.549931524408748e-08 -1.0
1.2918386792151043e-13 -7.54994289309252e-08 -1.0
0.0 -7.549949287977142e-08 -1.0
-2.1038554199551834e-13 -7.549936498207899e-08 -1.0
1.5243815324611498e-12 -7.549419933639001e-08 -1.0
0.0 -7.549533620476723e-08 -1.0
0.0 -7.549533620476723e-08 -1.0
-1.155063458074812e-12 -7.550069369699486e-08 -1.0
-1.0703757758606658e-12 -7.549887470759131e-08 -1.0
2.539386236011243e-12 -7.549478908686069e-08 -1.0
-1.622163774833707e-12 -7.549814995400084e-08 -1.0
8.375549385986059e-12 -7.549814284857348e-08 -1.0
-7.203121779597588e-12 -7.549533620476723e-08 -1.0
1.3182673268968825e-12 -7.549762415237637e-08 -1.0
-1.2700454837116792e-12 -7.549805047801783e-08 -1.0
1.68653882092612e-13 -7.549267877493548e-08 -1.0
1.234699462896588e-13 -7.549693492592269e-08 -1.0
-0.0 -7.549949287977142e-08 -1.0
0.0 -7.549949998519878e-08 -1.0
2.383535426322969e-12 -7.550069369699486e-08 -1.0
4.065459340701905e-12 -7.550237057785125e-08 -1.0
1.2327823224050904e-12 -7.549878233703566e-08 -1.0
-2.3917560640351887e-12 -7.549467540002297e-08 -1.0
-5.20476587176355e-12 -7.549631675374258e-08 -1.0
-0.0 -7.549785863147918e-08 -1.0
-4.608020779187094e-13 -7.549758151981223e-08 -1.0
-1.4880674817363548e-12 -7.549790836947068e-08 -1.0
8.130925620297713e-12 -7.549533620476723e-08 -1.0
1.7144074788283392e-12 -7.549533620476723e-08 -1.0
4.615608568091234e-13 -7.549452618604846e-08 -1.0
-1.0253151409497785e-12 -7.550008973566946e-08 -1.0
3.6015686960544357e-12 -7.550158187541456e-08 -1.0
3.1825007039409936e-12 -7.55011555497731e-08 -1.0
0.0 -7.549800784545369e-08 -1.0
4.607999095143644e-13 -7.549791547489804e-08 -1.0
0.0 -7.549533620476723e-08 -1.0
3.6016066431304727e-12 -7.55015747699872e-08 -1.0
-3.6015686960544357e-12 -7.550158187541456e-08 -1.0
-5.446675554153513e-13 -7.54973683569915e-08 -1.0
-4.608002347750162e-13 -7.549751046553865e-08 -1.0
1.6883957881970446e-13 -7.549780889348767e-08 -1.0
1.2678355761075455e-11 -7.55011555497731e-08 -1.0
0.0 -7.549931524408748e-08 -1.0
-4.608027284400129e-13 -7.54979225803254e-08 -1.0
-4.724466260916382e-13 -7.549792968575275e-08 -1.0
0.0 -7.549533620476723e-08 -1.0
-1.6757008107493032e-12 -7.549374458903912e-08 -1.0
2.1038532515508385e-13 -7.549936498207899e-08 -1.0
4.529327000263317e-12 -7.550317349114266e-08 -1.0
-6.999833655416121e-13 -7.549795100203482e-08 -1.0
2.3179531211114934e-12 -7.5495172779938e-08 -1.0
-1.6129739687995026e-12 -7.549962788289122e-08 -1.0
-3.6015686960544357e-12 7.550158187541456e-08 1.0
-0.0 7.550023184421661e-08 1.0
2.2636998612407533e-12 7.550023894964397e-08 1.0
3.6016066431304727e-12 7.55015747699872e-08 1.0
0.0 7.549800784545369e-08 1.0
-4.783745014697027e-13 7.549844838194986e-08 1.0
0.0 7.549800784545369e-08 1.0
-0.0 7.549533620476723e-08 1.0
0.0 7.549533620476723e-08 1.0
9.04952762031952e-12 7.549533620476723e-08 1.0
-1.65784269992586e-12 7.54982067974197e-08 1.0
-1.0893342434689646e-12 7.549721914301699e-08 1.0
0.0 7.549533620476723e-08 1.0
-1.1077548600635367e-11 7.550023184421661e-08 1.0
1.3182743742110037e-12 7.550026026592604e-08 1.0
-3.1193531915482686e-13 7.549743230583772e-08 1.0
6.631316155913947e-12 7.54954925241691e-08 1.0
-1.1515824101596128e-12 7.549883918045452e-08 1.0
2.1555450566840273e-12 7.549508751480971e-08 1.0
4.743500731096972e-12 7.549657254912745e-08 1.0
-0.0 7.549785863147918e-08 1.0
0.0 7.549783020976975e-08 1.0
-0.0 7.549783020976975e-08 1.0
-1.0650081511132115e-11 7.54944196046381e-08 1.0
-1.2300878197979426e-11 7.548567992898825e-08 1.0
-1.2678360965245883e-11 7.55011555497731e-08 1.0
-1.688400938157364e-13 7.549780178806031e-08 1.0
0.0 7.549785152605182e-08 1.0
5.571698159269334e-13 7.5497418094983e-08 1.0
-0.0 7.549533620476723e-08 1.0
0.0 7.549533620476723e-08 1.0
1.624045190863621e-12 7.549963498831858e-08 1.0
-2.317955506356273e-12 7.549517988536536e-08 1.0
0.0 7.549533620476723e-08 1.0
-3.6015686960544357e-12 7.550158187541456e-08 1.0
-2.2636690698990547e-12 7.550023894964397e-08 1.0
0.0 7.549785152605182e-08 1.0
2.3468846224034e-12 7.549920866267712e-08 1.0
-1.718263443854784e-12 7.54983062734027e-08 1.0
9.049472109168288e-12 7.549533620476723e-08 1.0
-0.0 7.549533620476723e-08 1.0
-2.050658254315607e-12 7.549831337883006e-08 1.0
0.0 7.549533620476723e-08 1.0
-1.1515830606809163e-12 7.549883207502717e-08 1.0
2.1555472250883723e-12 7.549508751480971e-08 1.0
-0.0 7.549384406502213e-08 1.0
0.0 7.549801495088104e-08 1.0
9.071691965331641e-13 7.549839864395835e-08 1.0
1.1574890351750966e-12 7.549816416485555e-08 1.0
-9.049519814063878e-12 7.549533620476723e-08 1.0
9.448920595608867e-13 7.549783020976975e-08 1.0
-1.2300878197979426e-11 7.548567992898825e-08 1.0
-1.2678433823631874e-11 7.55011555497731e-08 1.0
-1.688400938157364e-13 7.549780178806031e-08 1.0
1.6578463862132464e-12 7.54982067974197e-08 1.0
0.0 7.549533620476723e-08 1.0
-0.0 7.549533620476723e-08 1.0
-1.2955465693298418e-12 7.549459724032204e-08 1.0
5.232369442234597e-13 7.54975530981028e-08 1.0
-0.0 7.549785152605182e-08 1.0
2.91586497785587e-13 7.549932234951484e-08 1.0
-3.6015765023100776e-12 7.550156766455984e-08 1.0
-2.263679261399476e-12 7.550023894964397e-08 1.0
0.0 7.549949998519878e-08 1.0
-1.95274438979931e-12 7.549838443310364e-08 1.0
-1.65784269992586e-12 7.54982067974197e-08 1.0
9.04952762031952e-12 7.549533620476723e-08 1.0
-0.0 7.549533620476723e-08 1.0
0.0 7.549533620476723e-08 1.0
-1.1515817596383093e-12 7.549883207502717e-08 1.0
2.1555450566840273e-12 7.549508751480971e-08 1.0
-0.0 7.549384406502213e-08 1.0
0.0 7.549801495088104e-08 1.0
9.071693049533813e-13 7.549840574938571e-08 1.0
1.157491420419876e-12 7.549817127028291e-08 1.0
-1.06501656452207e-11 7.549441249921074e-08 1.0
9.44892167981104e-13 7.54978373151971e-08 1.0
-1.2300812278487339e-11 7.548567992898825e-08 1.0
-1.2678355761075455e-11 7.55011555497731e-08 1.0
-1.6883957881970446e-13 7.549780178806031e-08 1.0
1.3182842404507733e-12 7.549761704694902e-08 1.0
0.0 7.549533620476723e-08 1.0
1.6240444319221004e-12 7.549962788289122e-08 1.0
-2.3179544221541004e-12 7.549517988536536e-08 1.0
3.198202336643363e-12 7.549870417733473e-08 1.0
0.0 7.549784442062446e-08 1.0
-2.6829300499991993e-12 7.549997604883174e-08 1.0
-0.0 7.55011555497731e-08 1.0
3.182507859675332e-12 7.55011555497731e-08 1.0
3.601587994853106e-12 7.550158187541456e-08 1.0
9.448920595608867e-13 7.549783020976975e-08 1.0
0.0 7.549801495088104e-08 1.0
9.18780676539832e-13 7.54963807025888e-08 1.0
-0.0 7.550697489477898e-08 1.0
0.0 7.550697489477898e-08 1.0
9.04952762031952e-12 7.549533620476723e-08 1.0
-1.65784269992586e-12 7.54982067974197e-08 1.0
-0.0 7.549533620476723e-08 1.0
0.0 7.549785863147918e-08 1.0
0.0 7.549533620476723e-08 1.0
-3.6015765023100776e-12 7.550156766455984e-08 1.0
-2.2636825140059935e-12 7.550023894964397e-08 1.0
-1.95274438979931e-12 7.549838443310364e-08 1.0
-1.1515817596383093e-12 7.549883207502717e-08 1.0
2.1555450566840273e-12 7.549508751480971e-08 1.0
-0.0 7.549383695959477e-08 1.0
0.0 7.549801495088104e-08 1.0
9.071678954905571e-13 7.549840574938571e-08 1.0
1.1574902277974863e-12 7.549816416485555e-08 1.0
-1.065010926670773e-11 7.549441249921074e-08 1.0
9.448906500980625e-13 7.549783020976975e-08 1.0
3.601587994853106e-12 7.550158187541456e-08 1.0
-1.2678433823631874e-11 7.55011555497731e-08 1.0
-1.688400938157364e-13 7.549780178806031e-08 1.0
1.3182773015568694e-12 7.549762415237637e-08 1.0
0.0 7.549533620476723e-08 1.0
1.6240435645603624e-12 7.549963498831858e-08 1.0
-2.317958108441487e-12 7.549518699079272e-08 1.0
3.198202336643363e-12 7.549870417733473e-08 1.0
0.0 7.549785152605182e-08 1.0
