3 4 5
7 9 11
15 16 17
22 23 19
27 28 29
31 33 35
30 24 29
13 19 14
1 31 32
27 21 22
10 4 9
11 17 6
20 12 10
39 40 41
43 45 47
51 52 53
55 57 59
63 64 65
67 69 71
66 60 65
49 55 50
37 67 68
64 58 63
46 40 45
47 53 42
56 48 46
75 76 77
82 83 79
87 88 89
94 95 91
99 100 101
106 107 103
102 96 101
86 92 91
73 103 104
100 94 99
75 81 82
83 89 78
92 84 82
111 112 113
117 118 119
123 124 125
127 129 131
135 136 137
139 141 143
138 132 137
121 127 122
109 139 140
136 130 135
111 117 118
119 125 114
128 120 118
147 148 149
153 154 155
160 161 157
165 166 167
161 167 156
146 152 151
169 164 168
160 154 159
171 149 170
144 173 162
178 179 175
183 184 185
189 190 191
193 195 197
191 197 186
176 182 181
198 193 194
190 184 189
203 207 210
213 179 212
192 182 215
219 220 221
223 225 227
231 232 233
238 239 235
244 245 241
247 249 251
246 240 245
229 235 230
217 247 248
244 238 243
219 225 226
227 233 222
246 236 226
255 256 257
259 261 263
267 268 269
271 273 275
279 280 281
286 287 283
282 276 281
265 271 266
253 283 284
279 273 274
262 256 261
263 269 258
272 264 262
291 292 293
295 297 299
303 304 305
310 311 307
315 316 317
322 323 319
318 312 317
301 307 302
289 319 320
316 310 315
298 292 297
299 305 294
308 300 298
327 328 329
331 333 335
339 340 341
343 345 347
352 353 349
355 357 359
354 348 353
337 343 338
325 355 356
352 346 351
334 328 333
330 336 341
326 354 344
363 364 365
367 369 371
375 376 377
379 381 383
378 372 377
361 367 362
385 380 384
375 369 370
387 365 386
368 360 389
393 394 395
400 401 397
405 406 407
409 411 413
407 413 402
391 397 392
414 409 410
406 400 405
417 395 416
408 398 419
423 424 425
429 430 431
203 202 434
436 437 438
442 443 444
448 449 450
445 439 444
433 205 204
422 447 421
443 437 442
423 429 430
431 434 426
432 430 445
454 455 456
460 461 462
466 467 468
472 473 474
469 463 468
453 459 458
476 471 475
466 460 461
478 456 477
451 480 469
482 484 486
490 201 487
494 495 496
501 502 498
496 502 491
482 487 483
503 498 499
495 490 494
506 486 505
481 508 497
510 512 514
518 208 207
211 209 521
525 526 527
522 519 521
510 516 511
529 524 528
520 208 209
531 514 530
509 533 522
172 535 173
171 537 173
172 534 539
214 541 215
213 543 215
214 540 545
388 547 389
387 549 389
388 546 551
418 553 419
417 555 419
418 552 557
479 559 480
478 561 480
479 558 563
508 564 565
506 567 508
507 564 569
533 570 571
531 573 533
532 570 575
267 438 441
15 275 278
567 574 575
561 568 569
555 562 563
549 556 557
551 542 550
545 536 544
158 142 141
134 70 69
62 34 33
574 566 485
401 324 295
440 449 339
347 346 350
91 277 286
95 94 98
5 0 3
0 1 3
1 2 3
11 6 7
7 8 9
9 10 11
17 12 13
13 14 17
14 15 17
23 18 19
19 20 21
21 22 19
29 24 27
24 25 27
25 26 27
35 30 31
31 32 33
33 34 35
30 35 24
13 20 19
1 2 31
27 28 21
10 3 4
11 12 17
10 3 2
2 31 30
30 29 28
28 21 20
20 13 12
12 11 10
10 2 30
30 28 10
28 20 10
41 36 39
36 37 39
37 38 39
47 42 43
43 44 45
45 46 47
53 48 51
48 49 51
49 50 51
59 54 55
55 56 57
57 58 59
65 60 63
60 61 63
61 62 63
71 66 67
67 68 69
69 70 71
66 71 60
49 56 55
37 38 67
64 57 58
46 39 40
47 48 53
46 39 38
38 67 66
66 65 64
64 57 56
56 49 48
48 47 46
46 38 66
66 64 46
64 56 46
77 72 75
72 73 75
73 74 75
83 78 79
79 80 81
81 82 79
89 84 87
84 85 87
85 86 87
95 90 91
91 92 93
93 94 91
101 96 99
96 97 99
97 98 99
107 102 103
103 104 105
105 106 103
102 107 96
86 85 92
73 74 103
100 93 94
75 76 81
83 84 89
82 75 74
74 103 102
102 101 100
100 93 92
92 85 84
84 83 82
82 74 102
102 100 82
100 92 82
113 108 111
108 109 111
109 110 111
119 114 115
115 116 119
116 117 119
125 120 123
120 121 123
121 122 123
131 126 127
127 128 129
129 130 131
137 132 135
132 133 135
133 134 135
143 138 139
139 140 141
141 142 143
138 143 132
121 128 127
109 110 139
136 129 130
111 112 117
119 120 125
118 111 110
110 139 138
138 137 136
136 129 128
128 121 120
120 119 118
118 110 138
138 136 118
136 128 118
149 144 147
144 145 147
145 146 147
155 150 153
150 151 153
151 152 153
161 156 157
157 158 159
159 160 157
167 162 165
162 163 165
163 164 165
161 162 167
146 145 152
169 163 164
160 153 154
171 144 149
173 172 162
172 169 162
169 163 162
162 161 152
161 160 152
160 153 152
152 145 144
144 171 173
152 144 162
179 174 175
175 176 177
177 178 175
185 180 183
180 181 183
181 182 183
191 186 189
186 187 189
187 188 189
197 192 193
193 194 195
195 196 197
191 192 197
176 175 182
198 199 193
190 183 184
211 200 201
201 202 203
203 204 205
205 206 203
206 207 203
207 208 209
210 211 203
211 201 203
207 209 210
213 174 179
215 214 192
214 199 192
199 193 192
192 191 190
190 183 192
183 182 192
182 175 215
175 174 215
174 213 215
221 216 219
216 217 219
217 218 219
227 222 223
223 224 225
225 226 227
233 228 231
228 229 231
229 230 231
239 234 235
235 236 237
237 238 235
245 240 241
241 242 243
243 244 241
251 246 247
247 248 249
249 250 251
246 251 240
229 236 235
217 218 247
244 237 238
219 220 225
227 228 233
226 219 218
218 247 246
246 245 236
245 244 236
244 237 236
236 229 228
228 227 226
226 218 246
236 228 226
257 252 255
252 253 255
253 254 255
263 258 259
259 260 261
261 262 263
269 264 267
264 265 267
265 266 267
275 270 271
271 272 273
273 274 275
281 276 279
276 277 279
277 278 279
287 282 283
283 284 285
285 286 283
282 287 276
265 272 271
253 254 283
279 280 273
262 255 256
263 264 269
262 255 282
255 254 282
254 283 282
282 281 280
280 273 272
272 265 264
264 263 262
282 280 262
280 272 262
293 288 291
288 289 291
289 290 291
299 294 295
295 296 297
297 298 299
305 300 303
300 301 303
301 302 303
311 306 307
307 308 309
309 310 307
317 312 315
312 313 315
313 314 315
323 318 319
319 320 321
321 322 319
318 323 312
301 308 307
289 290 319
316 309 310
298 291 292
299 300 305
298 291 318
291 290 318
290 319 318
318 317 316
316 309 308
308 301 300
300 299 298
318 316 298
316 308 298
329 324 327
324 325 327
325 326 327
335 330 331
331 332 333
333 334 335
341 336 339
336 337 339
337 338 339
347 342 343
343 344 345
345 346 347
353 348 349
349 350 351
351 352 349
359 354 355
355 356 357
357 358 359
354 359 348
337 344 343
325 326 355
352 345 346
334 327 328
330 335 336
334 327 326
326 355 354
354 353 344
353 352 344
352 345 344
344 337 336
336 335 344
335 334 344
334 326 344
365 360 363
360 361 363
361 362 363
371 366 367
367 368 369
369 370 371
377 372 375
372 373 375
373 374 375
383 378 379
379 380 381
381 382 383
378 383 372
361 368 367
385 379 380
375 376 369
387 360 365
389 388 378
388 385 378
385 379 378
378 377 376
376 369 368
368 361 360
360 387 389
378 376 389
376 368 389
395 390 393
390 391 393
391 392 393
401 396 397
397 398 399
399 400 397
407 402 405
402 403 405
403 404 405
413 408 409
409 410 411
411 412 413
407 408 413
391 398 397
414 415 409
406 399 400
417 390 395
419 418 408
418 415 408
415 409 408
408 407 406
406 399 408
399 398 408
398 391 419
391 390 419
390 417 419
425 420 421
421 422 425
422 423 425
431 426 427
427 428 431
428 429 431
434 432 433
433 204 434
204 203 434
438 206 436
206 205 436
205 435 436
444 439 440
440 441 444
441 442 444
450 445 446
446 447 450
447 448 450
445 450 439
433 435 205
422 446 447
443 436 437
423 424 429
431 432 434
430 423 422
422 446 430
446 445 430
445 444 443
443 436 445
436 435 445
435 433 432
432 431 430
435 432 445
456 451 452
452 453 456
453 454 456
462 457 458
458 459 462
459 460 462
468 463 464
464 465 468
465 466 468
474 469 472
469 470 472
470 471 472
469 474 463
453 452 459
476 470 471
466 467 460
478 451 456
480 479 476
476 470 480
470 469 480
469 468 467
467 460 469
460 459 469
459 452 451
451 478 480
459 451 469
486 481 482
482 483 484
484 485 486
201 200 487
487 488 489
489 490 487
496 491 492
492 493 496
493 494 496
502 497 498
498 499 500
500 501 498
496 497 502
482 488 487
503 504 498
495 489 490
506 481 486
508 507 504
504 498 497
497 496 495
495 489 488
488 482 481
481 506 508
508 504 497
497 495 488
488 481 497
514 509 510
510 511 512
512 513 514
207 515 518
515 516 518
516 517 518
521 519 211
211 210 209
209 520 521
527 522 525
522 523 525
523 524 525
522 527 519
510 517 516
529 523 524
520 518 208
531 509 514
533 532 529
529 523 533
523 522 533
522 521 520
520 518 517
517 510 509
509 531 533
522 520 517
517 509 522
172 534 535
171 170 537
170 536 537
537 535 173
539 538 168
168 169 539
169 172 539
214 540 541
213 212 543
212 542 543
543 541 215
545 544 198
198 199 545
199 214 545
388 546 547
387 386 549
386 548 549
549 547 389
551 550 384
384 385 551
385 388 551
418 552 553
417 416 555
416 554 555
555 553 419
557 556 414
414 415 557
415 418 557
479 558 559
478 477 561
477 560 561
561 559 480
563 562 475
475 476 563
476 479 563
508 507 564
506 505 567
505 566 567
567 565 508
569 568 503
503 504 569
504 507 569
533 532 570
531 530 573
530 572 573
573 571 533
575 574 528
528 529 575
529 532 575
271 270 267
270 438 267
438 437 442
441 440 342
438 442 441
266 271 267
347 268 267
441 342 267
342 347 267
15 14 19
19 18 15
18 275 15
275 274 278
274 279 278
278 277 90
95 16 15
278 90 15
90 95 15
567 566 574
561 560 568
555 554 562
549 548 556
551 543 542
545 537 536
158 157 142
134 133 70
62 61 34
200 211 519
519 527 200
527 526 200
525 524 574
524 528 574
487 200 526
484 483 526
483 487 526
505 486 485
566 505 485
485 484 525
484 526 525
525 574 485
116 117 112
116 112 113
125 114 115
124 125 216
125 115 216
248 249 124
216 217 248
225 220 221
216 248 124
224 225 221
108 109 140
140 141 108
141 158 108
158 159 154
158 154 108
154 155 108
150 151 147
151 146 147
108 155 150
113 108 150
148 149 536
149 170 536
113 150 147
116 113 187
113 147 187
148 536 544
233 222 223
321 232 233
289 320 288
320 321 288
321 233 288
233 223 288
297 292 293
148 544 198
198 194 148
194 195 148
196 197 186
196 186 147
186 187 147
148 195 147
195 196 147
296 297 293
305 294 295
304 305 324
305 295 324
356 357 304
324 325 356
333 328 329
324 356 304
332 333 329
341 330 331
448 340 331
340 341 331
421 447 420
447 448 420
420 448 465
448 331 465
429 424 425
188 189 184
116 187 115
187 188 115
428 429 492
429 425 492
434 426 202
426 427 202
490 201 493
201 202 493
493 494 490
502 491 492
501 502 425
502 492 425
493 202 427
493 427 428
492 493 428
188 184 185
180 181 177
181 176 177
115 188 216
188 185 216
216 185 221
185 180 221
221 180 224
180 177 224
178 179 212
503 499 500
560 568 500
568 503 500
456 477 455
477 560 455
178 212 542
542 550 384
384 380 381
382 383 372
542 384 178
384 381 178
382 372 373
455 560 500
458 453 454
454 455 500
177 178 381
177 381 382
454 500 501
457 458 501
458 454 501
466 461 465
461 462 465
457 501 425
462 457 425
224 177 373
177 382 373
462 425 420
465 462 420
223 224 374
224 373 374
374 375 371
375 370 371
474 463 464
464 465 331
464 331 332
473 474 332
474 464 332
475 471 562
471 472 562
473 332 396
332 329 396
554 562 472
288 223 371
223 374 371
366 367 363
367 362 363
288 371 366
293 288 366
293 366 363
296 293 412
293 363 412
364 365 548
365 386 548
416 554 472
394 395 472
395 416 472
397 392 393
396 397 393
393 394 473
394 472 473
548 556 414
414 410 411
412 413 402
548 414 364
414 411 364
412 402 296
402 403 296
396 393 473
363 364 411
363 411 412
405 400 401
401 396 329
401 329 324
404 405 295
405 401 295
296 403 295
403 404 295
339 338 343
343 342 440
440 439 449
439 450 449
449 448 340
339 343 440
449 340 339
41 40 45
41 45 44
68 37 36
69 68 36
135 134 69
131 130 135
122 127 126
131 135 36
135 69 36
123 122 126
131 36 126
36 41 126
126 41 123
41 44 123
249 124 250
124 123 250
43 42 53
240 251 250
241 240 44
240 250 44
250 123 44
43 53 105
53 52 105
238 243 242
242 241 43
241 44 43
239 238 242
230 235 231
235 234 231
239 242 105
242 43 105
239 105 104
104 73 72
77 76 81
239 104 72
77 81 80
239 72 234
72 77 234
234 77 80
321 232 231
231 234 322
234 80 322
79 78 89
322 321 231
312 323 322
313 312 80
312 322 80
79 89 88
310 315 311
315 314 311
314 313 80
79 88 311
88 285 311
314 80 79
302 307 303
307 306 303
311 314 79
311 285 252
285 284 252
284 253 252
257 256 261
257 261 260
311 252 306
252 257 306
306 257 260
357 304 303
303 306 358
306 260 358
259 258 269
358 357 303
348 359 358
349 348 260
348 358 260
259 269 268
346 351 350
350 349 259
349 260 259
259 268 350
268 347 350
87 86 91
91 90 277
277 276 286
276 287 286
286 285 87
285 88 87
87 91 286
5 4 9
5 9 8
32 1 0
33 32 0
63 62 59
62 33 59
59 58 63
50 55 51
55 54 51
59 33 0
59 0 54
0 5 54
54 5 8
105 52 51
51 54 106
54 8 106
7 6 17
106 105 51
96 107 106
97 96 8
96 106 8
7 17 16
94 99 98
98 97 7
97 8 7
7 16 98
16 95 98
