-42.89503479003906 324.1229248046875 -0.00017647059576120228
-42.89503479003906 326.6229248046875 -0.0001766593341017142
-53.564918518066406 332.7831726074219 -0.00017712442786432803
-55.72998046875 331.5331726074219 -0.00017703004414215684
-55.72998809814453 319.212646484375 -0.00017609988572075963
-53.56492614746094 317.962646484375 -0.00017600550199858844
-71.06492614746094 326.6229248046875 -0.0001766593341017142
-71.0649185180664 324.1228942871094 -0.00017647059576120228
-60.395042419433594 317.962646484375 -0.00017600550199858844
-58.22998046875 319.212646484375 -0.00017609988572075963
-58.22997283935547 331.5331726074219 -0.00017703004414215684
-60.395050048828125 332.7831726074219 -0.00017712442786432803
-61.64503479003906 334.9482421875 -0.00017728787497617304
-61.645042419433594 337.4482421875 -0.0001774766278686002
-72.31491088867188 343.60845947265625 -0.0001779417070792988
-74.47998046875 342.35845947265625 -0.00017784733790904284
-74.47998809814453 330.0379638671875 -0.0001769171649357304
-72.31492614746094 328.7879638671875 -0.00017682279576547444
-71.06492614746094 348.2735595703125 -0.00017829392163548619
-71.0649185180664 345.7735290527344 -0.00017810516874305904
-60.395050048828125 339.61328125 -0.00017764008953236043
-58.22998046875 340.86328125 -0.0001777344587026164
-58.22997283935547 353.1838073730469 -0.00017866463167592883
-60.39503479003906 354.4338073730469 -0.0001787590008461848
-42.89503479003906 345.7735595703125 -0.00017810516874305904
-42.89503860473633 348.2735595703125 -0.00017829392163548619
-53.56491470336914 354.43377685546875 -0.0001787590008461848
-55.729976654052734 353.18377685546875 -0.00017866463167592883
-55.7299919128418 340.86328125 -0.0001777344587026164
-53.56492614746094 339.61328125 -0.00017764008953236043
-52.31492614746094 337.4482421875 -0.0001774766278686002
-52.31492233276367 334.9482116699219 -0.00017728787497617304
-41.645042419433594 328.7879638671875 -0.00017682279576547444
-39.47998046875 330.0379638671875 -0.0001769171649357304
-39.47997283935547 342.3584899902344 -0.00017784733790904284
-41.64503479003906 343.6084899902344 -0.0001779417070792988
-24.145034790039062 291.64697265625 -0.00017401872901245952
-24.145034790039062 294.14697265625 -0.00017420746735297143
-34.814918518066406 300.3072204589844 -0.00017467256111558527
-36.97998046875 299.0572204589844 -0.0001745781919453293
-36.97998809814453 286.7366943359375 -0.00017364800442010164
-34.81492614746094 285.4866943359375 -0.00017355363524984568
-52.31492614746094 294.14697265625 -0.00017420746735297143
-52.31492233276367 291.6469421386719 -0.00017401872901245952
-41.645042419433594 285.4866943359375 -0.00017355363524984568
-39.47998046875 286.7366943359375 -0.00017364800442010164
-39.47997283935547 299.0572204589844 -0.0001745781919453293
-41.645050048828125 300.3072204589844 -0.00017467256111558527
-42.89503479003906 302.4722900390625 -0.0001748360227793455
-42.89503479003906 304.9722900390625 -0.00017502476111985743
-53.56491470336914 311.13250732421875 -0.00017548984033055604
-55.729976654052734 309.88250732421875 -0.00017539547116030008
-55.72998809814453 297.56201171875 -0.00017446529818698764
-53.56492614746094 296.31201171875 -0.00017437092901673168
-52.31492614746094 315.797607421875 -0.00017584205488674343
-52.31492233276367 313.2975769042969 -0.00017565330199431628
-41.645042419433594 307.1373291015625 -0.00017518822278361768
-39.47998046875 308.3873291015625 -0.00017528259195387363
-39.47997283935547 320.7078552246094 -0.00017621276492718607
-41.64503479003906 321.9578552246094 -0.00017630713409744203
-24.145034790039062 313.297607421875 -0.00017565330199431628
-24.145038604736328 315.797607421875 -0.00017584205488674343
-34.814918518066406 321.9578552246094 -0.00017630713409744203
-36.97998046875 320.7078552246094 -0.00017621276492718607
-36.9799919128418 308.3873291015625 -0.00017528259195387363
-34.81492614746094 307.1373291015625 -0.00017518822278361768
-33.56492614746094 304.9722900390625 -0.00017502476111985743
-33.56492233276367 302.4722595214844 -0.00017483600822743028
-22.895042419433594 296.31201171875 -0.00017437092901673168
-20.72998046875 297.56201171875 -0.00017446529818698764
-20.72997283935547 309.8825378417969 -0.00017539547116030008
-22.895036697387695 311.1325378417969 -0.00017548984033055604
-61.645042419433594 291.64697265625 -0.00017401872901245952
-61.645042419433594 294.14697265625 -0.00017420746735297143
-72.3149185180664 300.3072204589844 -0.00017467256111558527
-74.47998046875 299.0572204589844 -0.0001745781919453293
-74.47998046875 286.7366943359375 -0.00017364800442010164
-72.3149185180664 285.4866943359375 -0.00017355363524984568
-89.8149185180664 294.14697265625 -0.00017420746735297143
-89.81491088867188 291.64697265625 -0.00017401872901245952
-79.1450424194336 285.4866943359375 -0.00017355363524984568
-76.97998046875 286.7366943359375 -0.00017364800442010164
-76.97998046875 299.0572204589844 -0.0001745781919453293
-79.14505004882812 300.3072204589844 -0.00017467256111558527
-80.3950424194336 302.4722900390625 -0.0001748360227793455
-80.3950424194336 304.9722900390625 -0.00017502476111985743
-91.06491088867188 311.13250732421875 -0.00017548984033055604
-93.22998046875 309.88250732421875 -0.00017539547116030008
-93.22998046875 297.56201171875 -0.00017446529818698764
-91.0649185180664 296.31201171875 -0.00017437092901673168
-89.8149185180664 315.797607421875 -0.00017584205488674343
-89.81491088867188 313.297607421875 -0.00017565330199431628
-79.1450424194336 307.1373291015625 -0.00017518822278361768
-76.97998046875 308.3873291015625 -0.00017528259195387363
-76.97998046875 320.7078552246094 -0.00017621276492718607
-79.1450424194336 321.9578552246094 -0.00017630713409744203
-61.64503479003906 313.297607421875 -0.00017565330199431628
-61.64503479003906 315.797607421875 -0.00017584205488674343
-72.3149185180664 321.9578552246094 -0.00017630713409744203
-74.47998046875 320.7078552246094 -0.00017621276492718607
-74.47998046875 308.3873291015625 -0.00017528259195387363
-72.3149185180664 307.1373291015625 -0.00017518822278361768
-71.06492614746094 304.9722900390625 -0.00017502476111985743
-71.06491088867188 302.4722900390625 -0.0001748360227793455
-60.395042419433594 296.31201171875 -0.00017437092901673168
-58.22998046875 297.56201171875 -0.00017446529818698764
-58.22997283935547 309.8825378417969 -0.00017539547116030008
-60.39503479003906 311.1325378417969 -0.00017548984033055604
-5.3950371742248535 259.1710205078125 -0.00017156686226371676
-5.3950347900390625 261.6710205078125 -0.00017175560060422868
-16.064918518066406 267.8312683105469 -0.0001722206943668425
-18.22998046875 266.5812683105469 -0.00017212632519658655
-18.22998809814453 254.2607421875 -0.0001711961522232741
-16.064924240112305 253.0107421875 -0.00017110176850110292
-33.56492614746094 261.6710205078125 -0.00017175560060422868
-33.56492233276367 259.1709899902344 -0.00017156686226371676
-22.895042419433594 253.01075744628906 -0.00017110176850110292
-20.72998046875 254.26075744628906 -0.0001711961522232741
-20.72997283935547 266.5812683105469 -0.00017212632519658655
-22.895050048828125 267.8312683105469 -0.0001722206943668425
-24.145034790039062 269.996337890625 -0.00017238415603060275
-24.145034790039062 272.496337890625 -0.00017257289437111467
-34.81491470336914 278.6565856933594 -0.0001730379881337285
-36.979976654052734 277.4065856933594 -0.00017294360441155732
-36.97998809814453 265.0860595703125 -0.00017201343143824488
-34.81492614746094 263.8360595703125 -0.00017191906226798892
-33.56492614746094 283.3216552734375 -0.00017339018813800067
-33.56492233276367 280.8216247558594 -0.00017320143524557352
-22.895042419433594 274.661376953125 -0.00017273635603487492
-20.72998046875 275.911376953125 -0.00017283072520513088
-20.72997283935547 288.2319030761719 -0.0001737608981784433
-22.895036697387695 289.4819030761719 -0.00017385526734869927
-5.3950371742248535 280.8216552734375 -0.00017320143524557352
-5.39503812789917 283.3216552734375 -0.00017339018813800067
-16.064918518066406 289.4819030761719 -0.00017385526734869927
-18.22998046875 288.2319030761719 -0.0001737608981784433
-18.229990005493164 275.911376953125 -0.00017283072520513088
-16.064926147460938 274.661376953125 -0.00017273635603487492
-14.814926147460938 272.496337890625 -0.00017257289437111467
-14.814924240112305 269.9963073730469 -0.00017238414147868752
-4.145042896270752 263.8360595703125 -0.00017191906226798892
-1.9799799919128418 265.0860595703125 -0.00017201343143824488
-1.9799740314483643 277.4065856933594 -0.00017294360441155732
-4.1450371742248535 278.6565856933594 -0.0001730379881337285
-5.395036220550537 237.5203857421875 -0.00016993228928186
-5.3950347900390625 240.02037048339844 -0.0001701210276223719
-16.06491470336914 246.18063354492188 -0.00017058610683307052
-18.229978561401367 244.93063354492188 -0.00017049173766281456
-18.22998809814453 232.610107421875 -0.00016956156468950212
-16.064924240112305 231.360107421875 -0.00016946719551924616
-14.814924240112305 250.84568786621094 -0.0001709383213892579
-14.814924240112305 248.34568786621094 -0.00017074956849683076
-4.145042896270752 242.18544006347656 -0.00017028448928613216
-1.9799799919128418 243.43544006347656 -0.00017037885845638812
-1.9799729585647583 255.75595092773438 -0.00017130903142970055
-4.1450371742248535 257.0059509277344 -0.0001714034005999565
13.354963302612305 248.345703125 -0.00017074956849683076
13.354962348937988 250.845703125 -0.0001709383213892579
2.6850810050964355 257.0059509277344 -0.0001714034005999565
0.520018994808197 255.75595092773438 -0.00017130903142970055
0.5200099945068359 243.43544006347656 -0.00017037885845638812
2.685075044631958 242.1854248046875 -0.00017028448928613216
3.935075044631958 240.02037048339844 -0.0001701210276223719
3.9350759983062744 237.52037048339844 -0.00016993228928186
14.60495662689209 231.36012268066406 -0.00016946719551924616
16.77001953125 232.61012268066406 -0.00016956156468950212
16.77002716064453 244.93063354492188 -0.00017049173766281456
14.604963302612305 246.18063354492188 -0.00017058610683307052
13.354965209960938 229.19505310058594 -0.00016930373385548592
2.685081958770752 235.35531616210938 -0.00016976882761809975
-14.814924240112305 229.19505310058594 -0.00016930373385548592
-4.145049095153809 235.3553009033203 -0.00016976882761809975
0.520018994808197 234.10531616210938 -0.0001696744584478438
-1.9799729585647583 234.10531616210938 -0.0001696744584478438
-42.895042419433594 237.52037048339844 -0.00016993228928186
-42.895042419433594 240.02037048339844 -0.0001701210276223719
-53.564910888671875 246.18063354492188 -0.00017058610683307052
-55.72998046875 244.93063354492188 -0.00017049173766281456
-55.72998046875 232.61012268066406 -0.00016956156468950212
-53.564918518066406 231.36012268066406 -0.00016946719551924616
-52.314918518066406 250.84568786621094 -0.0001709383213892579
-52.314918518066406 248.34568786621094 -0.00017074956849683076
-41.645042419433594 242.18544006347656 -0.00017028448928613216
-39.47998046875 243.43544006347656 -0.00017037885845638812
-39.47998046875 255.75595092773438 -0.00017130903142970055
-41.645042419433594 257.0059509277344 -0.0001714034005999565
-24.145034790039062 248.345703125 -0.00017074956849683076
-24.145034790039062 250.845703125 -0.0001709383213892579
-34.814918518066406 257.0059509277344 -0.0001714034005999565
-36.97998046875 255.75595092773438 -0.00017130903142970055
-36.97998046875 243.43544006347656 -0.00017037885845638812
-34.814918518066406 242.18544006347656 -0.00017028448928613216
-33.56492614746094 240.02037048339844 -0.0001701210276223719
-33.564918518066406 237.52037048339844 -0.00016993228928186
-22.895042419433594 231.36012268066406 -0.00016946719551924616
-20.729978561401367 232.61012268066406 -0.00016956156468950212
-20.72997283935547 244.93063354492188 -0.00017049173766281456
-22.895034790039062 246.18063354492188 -0.00017058610683307052
-24.145042419433594 229.19505310058594 -0.00016930373385548592
-34.814918518066406 235.35531616210938 -0.00016976882761809975
-202.31494140625 250.84567260742188 -0.0001709383213892579
-191.6450653076172 257.00592041015625 -0.0001714034005999565
-186.98001098632812 265.0860595703125 -0.00017201343143824488
-186.98001098632812 277.40655517578125 -0.00017294360441155732
-184.81494140625 278.65655517578125 -0.00017303797358181328
-183.56494140625 280.8216247558594 -0.00017320143524557352
-183.56494140625 283.3216247558594 -0.00017339017358608544
-229.14505004882812 257.00592041015625 -0.0001714034005999565
-226.97999572753906 255.75592041015625 -0.00017130903142970055
-224.47999572753906 255.75592041015625 -0.00017130903142970055
-222.31494140625 257.00592041015625 -0.0001714034005999565
-211.6450653076172 250.84568786621094 -0.0001709383213892579
-52.314918518066406 229.19505310058594 -0.00016930373385548592
-41.645050048828125 235.3553009033203 -0.00016976882761809975
-36.97998046875 234.10531616210938 -0.0001696744584478438
-39.47998046875 234.10531616210938 -0.0001696744584478438
-42.895042419433594 259.1710205078125 -0.00017156686226371676
-42.895042419433594 261.6710205078125 -0.00017175560060422868
-53.564918518066406 267.8312683105469 -0.0001722206943668425
-55.72998046875 266.5812683105469 -0.00017212632519658655
-55.72998046875 254.26075744628906 -0.0001711961522232741
-53.564918518066406 253.01075744628906 -0.00017110176850110292
-71.0649185180664 261.6710205078125 -0.00017175560060422868
-71.0649185180664 259.1710205078125 -0.00017156686226371676
-60.395042419433594 253.01075744628906 -0.00017110176850110292
-58.22998046875 254.26075744628906 -0.0001711961522232741
-58.22998046875 266.5812683105469 -0.00017212632519658655
-60.395050048828125 267.8312683105469 -0.0001722206943668425
-61.645042419433594 269.996337890625 -0.00017238415603060275
-61.645042419433594 272.496337890625 -0.00017257289437111467
-72.31491088867188 278.65655517578125 -0.00017303797358181328
-74.47998046875 277.40655517578125 -0.00017294360441155732
-74.47998046875 265.0860595703125 -0.00017201343143824488
-72.3149185180664 263.8360595703125 -0.00017191906226798892
-71.0649185180664 283.3216552734375 -0.00017339018813800067
-71.06491088867188 280.8216247558594 -0.00017320143524557352
-60.395042419433594 274.661376953125 -0.00017273635603487492
-58.22998046875 275.911376953125 -0.00017283072520513088
-58.22998046875 288.2319030761719 -0.0001737608981784433
-60.395042419433594 289.4819030761719 -0.00017385526734869927
-42.89503479003906 280.8216552734375 -0.00017320143524557352
-42.89503860473633 283.3216552734375 -0.00017339018813800067
-53.564918518066406 289.4819030761719 -0.00017385526734869927
-55.72998046875 288.2319030761719 -0.0001737608981784433
-55.729984283447266 275.9114074707031 -0.00017283072520513088
-53.564918518066406 274.661376953125 -0.00017273635603487492
-52.31492614746094 272.496337890625 -0.00017257289437111467
-52.31491470336914 269.9963073730469 -0.00017238414147868752
-41.645042419433594 263.8360595703125 -0.00017191906226798892
-39.47998046875 265.0860595703125 -0.00017201343143824488
-39.47997283935547 277.4065856933594 -0.00017294360441155732
-41.64503479003906 278.6565856933594 -0.0001730379881337285
-99.14503479003906 291.64697265625 -0.00017401872901245952
-99.14503479003906 294.14697265625 -0.00017420746735297143
-109.81491088867188 300.3072204589844 -0.00017467256111558527
-111.97998046875 299.0572204589844 -0.0001745781919453293
-111.97998046875 286.7366943359375 -0.00017364800442010164
-109.81492614746094 285.4866943359375 -0.00017355363524984568
-127.31492614746094 294.14697265625 -0.00017420746735297143
-127.31491088867188 291.6469421386719 -0.00017401872901245952
-116.64503479003906 285.4866943359375 -0.00017355363524984568
-114.47998046875 286.7366943359375 -0.00017364800442010164
-114.47997283935547 299.0572204589844 -0.0001745781919453293
-116.64505004882812 300.3072204589844 -0.00017467256111558527
-117.89503479003906 302.4722900390625 -0.0001748360227793455
-117.89503479003906 304.9722900390625 -0.00017502476111985743
-128.56491088867188 311.13250732421875 -0.00017548984033055604
-130.72998046875 309.88250732421875 -0.00017539547116030008
-130.72998046875 297.56201171875 -0.00017446529818698764
-128.56492614746094 296.31201171875 -0.00017437092901673168
-127.31492614746094 315.797607421875 -0.00017584205488674343
-127.31491088867188 313.2975769042969 -0.00017565330199431628
-116.64505004882812 307.1373291015625 -0.00017518822278361768
-114.47998046875 308.3873291015625 -0.00017528259195387363
-114.47996520996094 320.7078552246094 -0.00017621276492718607
-116.64503479003906 321.9578552246094 -0.00017630713409744203
-99.14503479003906 313.297607421875 -0.00017565330199431628
-99.14503479003906 315.797607421875 -0.00017584205488674343
-109.81491088867188 321.95782470703125 -0.00017630713409744203
-111.97998046875 320.70782470703125 -0.00017621276492718607
-111.97998809814453 308.3873291015625 -0.00017528259195387363
-109.81492614746094 307.1373291015625 -0.00017518822278361768
-108.56492614746094 304.9722900390625 -0.00017502476111985743
-108.5649185180664 302.4722595214844 -0.00017483600822743028
-97.8950424194336 296.31201171875 -0.00017437092901673168
-95.72998046875 297.56201171875 -0.00017446529818698764
-95.72997283935547 309.8825378417969 -0.00017539547116030008
-97.89503479003906 311.1325378417969 -0.00017548984033055604
-80.39503479003906 259.1710205078125 -0.00017156686226371676
-80.39503479003906 261.6710205078125 -0.00017175560060422868
-91.06491088867188 267.8312683105469 -0.0001722206943668425
-93.22998046875 266.5812683105469 -0.00017212632519658655
-93.22998046875 254.2607421875 -0.0001711961522232741
-91.06492614746094 253.0107421875 -0.00017110176850110292
-108.56492614746094 261.6710205078125 -0.00017175560060422868
-108.5649185180664 259.1709899902344 -0.00017156686226371676
-97.89503479003906 253.0107421875 -0.00017110176850110292
-95.72998046875 254.2607421875 -0.0001711961522232741
-95.72997283935547 266.5812683105469 -0.00017212632519658655
-97.89505004882812 267.8312683105469 -0.0001722206943668425
-99.14503479003906 269.996337890625 -0.00017238415603060275
-99.14503479003906 272.496337890625 -0.00017257289437111467
-109.81491088867188 278.65655517578125 -0.00017303797358181328
-111.97997283935547 277.40655517578125 -0.00017294360441155732
-111.97998046875 265.0860595703125 -0.00017201343143824488
-109.81492614746094 263.8360595703125 -0.00017191906226798892
-108.56492614746094 283.3216552734375 -0.00017339018813800067
-108.5649185180664 280.8216247558594 -0.00017320143524557352
-97.8950424194336 274.661376953125 -0.00017273635603487492
-95.72998046875 275.911376953125 -0.00017283072520513088
-95.72997283935547 288.2319030761719 -0.0001737608981784433
-97.89503479003906 289.4819030761719 -0.00017385526734869927
-80.39503479003906 280.8216552734375 -0.00017320143524557352
-80.39503479003906 283.3216552734375 -0.00017339018813800067
-91.06491088867188 289.4819030761719 -0.00017385526734869927
-93.22998046875 288.2319030761719 -0.0001737608981784433
-93.22998809814453 275.911376953125 -0.00017283072520513088
-91.06492614746094 274.661376953125 -0.00017273635603487492
-89.81492614746094 272.496337890625 -0.00017257289437111467
-89.8149185180664 269.9963073730469 -0.00017238414147868752
-79.1450424194336 263.8360595703125 -0.00017191906226798892
-76.97998046875 265.0860595703125 -0.00017201343143824488
-76.97997283935547 277.4065856933594 -0.00017294360441155732
-79.14503479003906 278.6565856933594 -0.0001730379881337285
-117.8950424194336 259.1710205078125 -0.00017156686226371676
-117.89503479003906 261.6710205078125 -0.00017175560060422868
-128.56491088867188 267.8312683105469 -0.0001722206943668425
-130.72998046875 266.5812683105469 -0.00017212632519658655
-130.72998046875 254.26075744628906 -0.0001711961522232741
-128.56491088867188 253.01075744628906 -0.00017110176850110292
-146.06491088867188 261.6710205078125 -0.00017175560060422868
-146.06491088867188 259.1709899902344 -0.00017156686226371676
-135.39503479003906 253.0107421875 -0.00017110176850110292
-133.22998046875 254.2607421875 -0.0001711961522232741
-133.22998046875 266.5812683105469 -0.00017212632519658655
-135.39505004882812 267.8312683105469 -0.0001722206943668425
-136.64505004882812 269.996337890625 -0.00017238415603060275
-136.64503479003906 272.496337890625 -0.00017257289437111467
-147.31491088867188 278.65655517578125 -0.00017303797358181328
-149.47998046875 277.40655517578125 -0.00017294360441155732
-149.47998046875 265.0860595703125 -0.00017201343143824488
-147.31491088867188 263.8360595703125 -0.00017191906226798892
-146.06491088867188 283.3216552734375 -0.00017339018813800067
-146.06491088867188 280.8216247558594 -0.00017320143524557352
-135.39503479003906 274.661376953125 -0.00017273635603487492
-133.22998046875 275.911376953125 -0.00017283072520513088
-133.22998046875 288.2319030761719 -0.0001737608981784433
-135.39505004882812 289.4819030761719 -0.00017385526734869927
-117.89503479003906 280.8216552734375 -0.00017320143524557352
-117.89503479003906 283.3216552734375 -0.00017339018813800067
-128.56491088867188 289.4819030761719 -0.00017385526734869927
-130.72998046875 288.2319030761719 -0.0001737608981784433
-130.72998046875 275.9114074707031 -0.00017283072520513088
-128.56491088867188 274.661376953125 -0.00017273635603487492
-127.31491088867188 272.496337890625 -0.00017257289437111467
-127.31491088867188 269.9963073730469 -0.00017238414147868752
-116.64503479003906 263.8360595703125 -0.00017191906226798892
-114.47998046875 265.0860595703125 -0.00017201343143824488
-114.47996520996094 277.4065856933594 -0.00017294360441155732
-116.64503479003906 278.6565856933594 -0.0001730379881337285
-80.39503479003906 237.5203857421875 -0.00016993228928186
-80.39503479003906 240.0203857421875 -0.0001701210276223719
-91.06491088867188 246.1806182861328 -0.00017058610683307052
-93.22997283935547 244.9306182861328 -0.00017049173766281456
-93.22998046875 232.610107421875 -0.00016956156468950212
-91.06492614746094 231.360107421875 -0.00016946719551924616
-89.81492614746094 250.84568786621094 -0.0001709383213892579
-89.8149185180664 248.34567260742188 -0.00017074956849683076
-79.1450424194336 242.18544006347656 -0.00017028448928613216
-76.97998046875 243.43544006347656 -0.00017037885845638812
-76.97997283935547 255.75595092773438 -0.00017130903142970055
-79.14503479003906 257.0059509277344 -0.0001714034005999565
-61.64503479003906 248.345703125 -0.00017074956849683076
-61.64503479003906 250.845703125 -0.0001709383213892579
-72.31491088867188 257.0059509277344 -0.0001714034005999565
-74.47998046875 255.75595092773438 -0.00017130903142970055
-74.47998809814453 243.4354248046875 -0.00017037885845638812
-72.31492614746094 242.1854248046875 -0.00017028448928613216
-71.06492614746094 240.02037048339844 -0.0001701210276223719
-71.0649185180664 237.52037048339844 -0.00016993228928186
-60.395042419433594 231.36012268066406 -0.00016946719551924616
-58.22998046875 232.61012268066406 -0.00016956156468950212
-58.22997283935547 244.93063354492188 -0.00017049173766281456
-60.39503479003906 246.18063354492188 -0.00017058610683307052
-61.64503479003906 229.195068359375 -0.00016930373385548592
-72.31491088867188 235.35531616210938 -0.00016976882761809975
-89.81492614746094 229.19505310058594 -0.00016930373385548592
-79.14505004882812 235.35531616210938 -0.00016976882761809975
-74.47998046875 234.10531616210938 -0.0001696744584478438
-76.97997283935547 234.10531616210938 -0.0001696744584478438
-117.8950424194336 237.52037048339844 -0.00016993228928186
-117.89503479003906 240.02037048339844 -0.0001701210276223719
-128.56491088867188 246.1806182861328 -0.00017058610683307052
-130.72998046875 244.9306182861328 -0.00017049173766281456
-130.72998046875 232.61012268066406 -0.00016956156468950212
-128.56491088867188 231.36012268066406 -0.00016946719551924616
-127.31491088867188 250.84568786621094 -0.0001709383213892579
-127.31491088867188 248.34568786621094 -0.00017074956849683076
-116.64503479003906 242.1854248046875 -0.00017028448928613216
-114.47998046875 243.4354248046875 -0.00017037885845638812
-114.47998046875 255.75595092773438 -0.00017130903142970055
-116.6450424194336 257.0059509277344 -0.0001714034005999565
-99.14503479003906 248.345703125 -0.00017074956849683076
-99.14503479003906 250.845703125 -0.0001709383213892579
-109.81491088867188 257.0059509277344 -0.0001714034005999565
-111.97998046875 255.75595092773438 -0.00017130903142970055
-111.97998046875 243.43544006347656 -0.00017037885845638812
-109.8149185180664 242.18544006347656 -0.00017028448928613216
-108.5649185180664 240.02037048339844 -0.0001701210276223719
-108.56491088867188 237.52037048339844 -0.00016993228928186
-97.89503479003906 231.36012268066406 -0.00016946719551924616
-95.72998046875 232.61012268066406 -0.00016956156468950212
-95.72996520996094 244.93063354492188 -0.00017049173766281456
-97.89503479003906 246.18063354492188 -0.00017058610683307052
-99.14503479003906 229.19505310058594 -0.00016930373385548592
-109.81491088867188 235.35531616210938 -0.00016976882761809975
-127.31491088867188 229.19505310058594 -0.00016930373385548592
-116.64505004882812 235.35531616210938 -0.00016976882761809975
-111.97998046875 234.10531616210938 -0.0001696744584478438
-114.47998046875 234.10531616210938 -0.0001696744584478438
-155.39505004882812 259.1709899902344 -0.00017156686226371676
-155.3950653076172 261.6709899902344 -0.00017175560060422868
-166.06494140625 267.83123779296875 -0.0001722206943668425
-168.23001098632812 266.58123779296875 -0.00017212631064467132
-168.23001098632812 254.2607421875 -0.0001711961522232741
-166.06494140625 253.0107421875 -0.00017110176850110292
-183.56494140625 261.6709899902344 -0.00017175560060422868
-183.56494140625 259.1709899902344 -0.00017156686226371676
-172.8950653076172 253.0107421875 -0.00017110176850110292
-170.72999572753906 254.2607421875 -0.0001711961522232741
-170.72999572753906 266.58123779296875 -0.00017212631064467132
-172.89508056640625 267.83123779296875 -0.0001722206943668425
-174.14505004882812 269.9963073730469 -0.00017238414147868752
-174.1450653076172 272.496337890625 -0.00017257289437111467
-184.81494140625 263.8360595703125 -0.00017191906226798892
-172.89508056640625 274.661376953125 -0.00017273635603487492
-170.73001098632812 275.911376953125 -0.00017283072520513088
-170.72999572753906 288.23187255859375 -0.0001737608981784433
-172.89505004882812 289.48187255859375 -0.00017385526734869927
-155.39505004882812 280.8216247558594 -0.00017320143524557352
-155.3950653076172 283.3216552734375 -0.00017339018813800067
-166.06494140625 289.48187255859375 -0.00017385526734869927
-168.23001098632812 288.23187255859375 -0.0001737608981784433
-168.23001098632812 275.911376953125 -0.00017283072520513088
-166.06494140625 274.661376953125 -0.00017273635603487492
-164.81494140625 272.4963073730469 -0.00017257289437111467
-164.81494140625 269.9963073730469 -0.00017238414147868752
-154.1450653076172 263.8360595703125 -0.00017191906226798892
-151.97999572753906 265.0860595703125 -0.00017201343143824488
-151.97999572753906 277.40655517578125 -0.00017294360441155732
-154.14505004882812 278.65655517578125 -0.00017303797358181328
-155.39505004882812 237.52035522460938 -0.00016993228928186
-155.3950653076172 240.02035522460938 -0.0001701210276223719
-166.06494140625 246.18060302734375 -0.00017058610683307052
-168.23001098632812 244.93060302734375 -0.00017049173766281456
-168.23001098632812 232.610107421875 -0.00016956156468950212
-166.06494140625 231.360107421875 -0.00016946719551924616
-164.81494140625 250.84567260742188 -0.0001709383213892579
-164.81494140625 248.34567260742188 -0.00017074956849683076
-154.1450653076172 242.1854248046875 -0.00017028448928613216
-151.97999572753906 243.4354248046875 -0.00017037885845638812
-151.97999572753906 255.7559356689453 -0.00017130903142970055
-154.14505004882812 257.00592041015625 -0.0001714034005999565
-136.64505004882812 248.34567260742188 -0.00017074956849683076
-136.6450653076172 250.84568786621094 -0.0001709383213892579
-147.31494140625 257.00592041015625 -0.0001714034005999565
-149.48001098632812 255.75592041015625 -0.00017130903142970055
-149.48001098632812 243.4354248046875 -0.00017037885845638812
-147.31494140625 242.1854248046875 -0.00017028448928613216
-146.06494140625 240.02035522460938 -0.0001701210276223719
-146.06494140625 237.52035522460938 -0.00016993228928186
-135.3950653076172 231.360107421875 -0.00016946719551924616
-133.22999572753906 232.610107421875 -0.00016956156468950212
-133.22999572753906 244.9306182861328 -0.00017049173766281456
-135.39505004882812 246.1806182861328 -0.00017058610683307052
-136.6450653076172 229.19503784179688 -0.00016930373385548592
-147.31494140625 235.35528564453125 -0.00016976882761809975
-164.81494140625 229.19503784179688 -0.00016930373385548592
-154.14508056640625 235.35528564453125 -0.00016976882761809975
-149.48001098632812 234.10528564453125 -0.0001696744584478438
-151.97999572753906 234.1053009033203 -0.0001696744584478438
-192.8950653076172 237.52035522460938 -0.00016993228928186
-192.89508056640625 240.02035522460938 -0.0001701210276223719
-203.56494140625 246.18060302734375 -0.00017058610683307052
-205.72999572753906 244.93060302734375 -0.00017049173766281456
-205.73001098632812 232.610107421875 -0.00016956156468950212
-203.56494140625 231.360107421875 -0.00016946719551924616
-202.31494140625 248.34567260742188 -0.00017074956849683076
-191.6450653076172 242.1854248046875 -0.00017028448928613216
-189.48001098632812 243.4354248046875 -0.00017037885845638812
-189.48001098632812 255.75592041015625 -0.00017130903142970055
-174.14505004882812 248.34567260742188 -0.00017074956849683076
-174.14505004882812 250.84568786621094 -0.0001709383213892579
-184.81494140625 257.00592041015625 -0.0001714034005999565
-186.97999572753906 255.75592041015625 -0.00017130903142970055
-186.97999572753906 243.4354248046875 -0.00017037885845638812
-184.81492614746094 242.1854248046875 -0.00017028448928613216
-183.56494140625 240.02035522460938 -0.0001701210276223719
-183.56492614746094 237.52035522460938 -0.00016993228928186
-172.8950653076172 231.360107421875 -0.00016946719551924616
-170.73001098632812 232.610107421875 -0.00016956156468950212
-170.72999572753906 244.9306182861328 -0.00017049173766281456
-172.89505004882812 246.1806182861328 -0.00017058610683307052
-174.14508056640625 229.19503784179688 -0.00016930373385548592
-184.81494140625 235.35528564453125 -0.00016976882761809975
-202.31494140625 229.19503784179688 -0.00016930373385548592
-191.6450653076172 235.35528564453125 -0.00016976882761809975
-186.97999572753906 234.10528564453125 -0.0001696744584478438
-189.48001098632812 234.10528564453125 -0.0001696744584478438
-230.39505004882812 237.52035522460938 -0.00016993228928186
-230.3950653076172 240.02037048339844 -0.0001701210276223719
-241.06494140625 246.18060302734375 -0.00017058610683307052
-243.22999572753906 244.93060302734375 -0.00017049173766281456
-243.23001098632812 232.610107421875 -0.00016956156468950212
-241.06494140625 231.360107421875 -0.00016946719551924616
-239.81494140625 250.84567260742188 -0.0001709383213892579
-239.81494140625 248.34567260742188 -0.00017074956849683076
-229.1450653076172 242.1854248046875 -0.00017028448928613216
-226.98001098632812 243.4354248046875 -0.00017037885845638812
-211.64505004882812 248.34567260742188 -0.00017074956849683076
-224.48001098632812 243.4354248046875 -0.00017037885845638812
-222.31494140625 242.1854248046875 -0.00017028448928613216
-221.06494140625 240.02035522460938 -0.0001701210276223719
-221.06494140625 237.52035522460938 -0.00016993228928186
-210.3950653076172 231.360107421875 -0.00016946719551924616
-208.23001098632812 232.610107421875 -0.00016956156468950212
-208.22999572753906 244.9306182861328 -0.00017049173766281456
-210.39505004882812 246.1806182861328 -0.00017058610683307052
-211.6450653076172 229.19503784179688 -0.00016930373385548592
-222.31494140625 235.35528564453125 -0.00016976882761809975
-239.81494140625 229.19503784179688 -0.00016930373385548592
-229.1450653076172 235.35528564453125 -0.00016976882761809975
-224.47999572753906 234.10528564453125 -0.0001696744584478438
-226.97999572753906 234.1053009033203 -0.0001696744584478438
0.5200139880180359 223.61492919921875 -0.0001688824559096247
-1.9799790382385254 223.61492919921875 -0.0001688824559096247
-14.814922332763672 226.69505310058594 -0.000169114995514974
-9.479984283447266 223.61492919921875 -0.0001688824559096247
13.354963302612305 223.61492919921875 -0.0001688824559096247
8.02001953125 223.61492919921875 -0.0001688824559096247
-36.97998046875 223.61492919921875 -0.0001688824559096247
-39.47998046875 223.61492919921875 -0.0001688824559096247
-52.314918518066406 226.69505310058594 -0.000169114995514974
-46.97998046875 223.61492919921875 -0.0001688824559096247
-24.145042419433594 226.69505310058594 -0.000169114995514974
-29.47998046875 223.61492919921875 -0.0001688824559096247
-74.47998046875 223.61492919921875 -0.0001688824559096247
-76.97998046875 223.61492919921875 -0.0001688824559096247
-89.8149185180664 226.69505310058594 -0.000169114995514974
-84.47998046875 223.61492919921875 -0.0001688824559096247
-61.64503479003906 226.695068359375 -0.000169114995514974
-66.97998046875 223.61492919921875 -0.0001688824559096247
-111.97998046875 223.61492919921875 -0.0001688824559096247
-114.47998046875 223.61492919921875 -0.0001688824559096247
-127.31491088867188 226.69505310058594 -0.000169114995514974
-121.97998046875 223.61492919921875 -0.0001688824559096247
-99.1450424194336 226.69505310058594 -0.000169114995514974
-104.47998046875 223.61492919921875 -0.0001688824559096247
-149.48001098632812 223.6149139404297 -0.0001688824559096247
-151.97999572753906 223.6149139404297 -0.0001688824559096247
-164.81494140625 226.69503784179688 -0.000169114995514974
-159.48001098632812 223.61489868164062 -0.0001688824559096247
-136.64505004882812 226.69503784179688 -0.000169114995514974
-141.98001098632812 223.6149139404297 -0.0001688824559096247
-186.98001098632812 223.6149139404297 -0.0001688824559096247
-189.48001098632812 223.61489868164062 -0.0001688824559096247
-202.31494140625 226.69503784179688 -0.000169114995514974
-196.98001098632812 223.61489868164062 -0.0001688824559096247
-174.1450653076172 226.69503784179688 -0.000169114995514974
-179.47999572753906 223.6149139404297 -0.0001688824559096247
-224.48001098632812 223.6149139404297 -0.0001688824559096247
-226.97999572753906 223.61489868164062 -0.0001688824559096247
-239.81494140625 226.69503784179688 -0.000169114995514974
-234.48001098632812 223.61489868164062 -0.0001688824559096247
-211.64505004882812 226.69503784179688 -0.000169114995514974
-216.97999572753906 223.6149139404297 -0.0001688824559096247
