-5.2528061761369926e-11 6.681833752963939e-08 1.0
0.0 6.681833752963939e-08 1.0
-8.707106216587768e-12 6.681833752963939e-08 1.0
-1.755695241967281e-11 6.681833752963939e-08 1.0
-2.6121318649763303e-11 6.681833752963939e-08 1.0
-3.482849772473706e-11 6.681847253275919e-08 1.0
-8.764192843679908e-11 1.3363667505927879e-07 1.0
0.0 6.676594210830444e-08 1.0
0.0 6.67746462568175e-08 1.0
0.0 6.678349251387772e-08 1.0
-1.4268332338123607e-13 6.679206165927098e-08 1.0
0.0 6.680076580778405e-08 1.0
0.0 6.680961917027162e-08 1.0
-8.700274875539371e-12 6.676594210830444e-08 1.0
-8.845207552510281e-12 6.678335040533057e-08 1.0
-8.704826789940334e-12 6.68009079163312e-08 1.0
-1.7400549751078742e-11 6.676594210830444e-08 1.0
-1.7402863872195695e-11 6.677478836536466e-08 1.0
-1.754775144635623e-11 6.678335040533057e-08 1.0
-1.7550048220238423e-11 6.679206165927098e-08 1.0
-1.740965357988067e-11 6.68009079163312e-08 1.0
-1.7411979844061953e-11 6.680976838424613e-08 1.0
-2.624345185608945e-11 6.676594210830444e-08 1.0
-2.6107683723242125e-11 6.678349251387772e-08 1.0
-2.6257208213253946e-11 6.68009079163312e-08 1.0
-3.4943724996905345e-11 6.676594210830444e-08 1.0
-3.494829772798802e-11 6.67746462568175e-08 1.0
-3.495285658128289e-11 6.678335040533057e-08 1.0
-3.495737727066128e-11 6.679206165927098e-08 1.0
-3.496197081842567e-11 6.680076580778405e-08 1.0
-3.4966529671720536e-11 6.680948416715182e-08 1.0
-8.728800321433638e-11 1.335318842166089e-07 1.0
-8.731099176984003e-11 1.3356698502775544e-07 1.0
-8.7333668075118e-11 1.336018158326624e-07 1.0
-5.234424699240847e-11 6.676594210830444e-08 1.0
-5.235109915013858e-11 6.67746462568175e-08 1.0
-5.2500587210957406e-11 6.678335040533057e-08 1.0
-5.23647236683189e-11 6.679206165927098e-08 1.0
-5.237171460392709e-11 6.68009079163312e-08 1.0
-5.2378545944975485e-11 6.680961917027162e-08 1.0
-6.1227238556949e-11 6.680961917027162e-08 1.0
-8.705970840072741e-12 6.680961917027162e-08 1.0
-1.7554626155491526e-11 6.680948416715182e-08 1.0
-2.6117968898731192e-11 6.680976838424613e-08 1.0
-3.4823883360290964e-11 6.680961917027162e-08 1.0
-4.381515636420197e-11 6.680947706172446e-08 1.0
-1.0504242614617354e-10 1.3361923834054323e-07 1.0
-8.699140366386082e-12 6.675723795979138e-08 1.0
-8.700279212348061e-12 6.676594210830444e-08 1.0
-8.844054828760495e-12 6.67746462568175e-08 1.0
-8.702566445251136e-12 6.678349251387772e-08 1.0
-8.70367319882881e-12 6.679206165927098e-08 1.0
-8.84751907154202e-12 6.680076580778405e-08 1.0
-1.7398280732772164e-11 6.675723795979138e-08 1.0
-1.7545463346091417e-11 6.67746462568175e-08 1.0
-1.7407382826850615e-11 6.679219666239078e-08 1.0
-2.6239975470243593e-11 6.675710295667159e-08 1.0
-2.6243463999153782e-11 6.676594210830444e-08 1.0
-2.6104281930505735e-11 6.677478836536466e-08 1.0
-2.6250279727690895e-11 6.678335040533057e-08 1.0
-2.6253730092684613e-11 6.679206165927098e-08 1.0
-2.6257208213253946e-11 6.68009079163312e-08 1.0
-3.493917308250438e-11 6.675723795979138e-08 1.0
-3.494829772798802e-11 6.67746462568175e-08 1.0
-3.4957484823516793e-11 6.679219666239078e-08 1.0
-4.363831171416699e-11 6.675723795979138e-08 1.0
-4.364400160716819e-11 6.676594210830444e-08 1.0
-4.364971231685111e-11 6.67746462568175e-08 1.0
-4.365540220985231e-11 6.678335040533057e-08 1.0
-4.366105046949009e-11 6.679206165927098e-08 1.0
-4.3666788934748624e-11 6.680076580778405e-08 1.0
-1.0467485211940186e-10 1.3351449013043748e-07 1.0
-1.049874909231363e-10 1.33549292513635e-07 1.0
-1.0472977346465129e-10 1.3358439332478156e-07 1.0
-6.117904099989246e-11 6.675710295667159e-08 1.0
-6.104455135824693e-11 6.676594210830444e-08 1.0
-6.119515311153734e-11 6.67746462568175e-08 1.0
-6.106043448639298e-11 6.678335040533057e-08 1.0
-6.121114032309194e-11 6.679206165927098e-08 1.0
-6.107648414799272e-11 6.68009079163312e-08 1.0
