0 2 3
4 6 7
5 9 6
8 11 9
10 13 11
12 15 13
14 3 15
16 18 19
19 20 21
21 22 23
23 24 25
25 26 27
27 5 4
17 29 18
20 31 22
24 33 26
28 35 29
29 36 30
30 37 31
31 38 32
32 39 33
33 10 8
34 41 35
36 43 37
38 45 39
40 47 41
41 48 42
42 49 43
43 50 44
44 51 45
45 14 12
46 53 47
48 55 49
50 57 51
52 59 53
53 60 54
54 61 55
55 62 56
56 63 57
57 1 0
0 1 2
4 5 6
5 8 9
8 10 11
10 12 13
12 14 15
14 0 3
16 17 18
19 18 20
21 20 22
23 22 24
25 24 26
27 26 5
17 28 29
20 30 31
24 32 33
28 34 35
29 35 36
30 36 37
31 37 38
32 38 39
33 39 10
34 40 41
36 42 43
38 44 45
40 46 47
41 47 48
42 48 49
43 49 50
44 50 51
45 51 14
46 52 53
48 54 55
50 56 57
52 58 59
53 59 60
54 60 61
55 61 62
56 62 63
57 63 1
