-180.80215454101562 348.30633544921875 -15.000178337097168
-180.8021697998047 362.5808410644531 -15.000179290771484
-195.08787536621094 362.5677490234375 -15.000179290771484
-195.08787536621094 348.29510498046875 -15.000178337097168
-180.80213928222656 262.6592712402344 -15.000171661376953
-180.80215454101562 276.93377685546875 -15.00017261505127
-195.08786010742188 276.9319152832031 -15.00017261505127
-195.08786010742188 262.6592712402344 -15.000171661376953
-180.80215454101562 291.20831298828125 -15.000173568725586
-195.08786010742188 291.2045593261719 -15.000173568725586
-180.80215454101562 305.4827880859375 -15.000174522399902
-195.08786010742188 305.4772033691406 -15.000174522399902
-180.80215454101562 319.7572937011719 -15.000175476074219
-195.08786010742188 319.7498474121094 -15.000175476074219
-180.80215454101562 334.0318298339844 -15.000176429748535
-195.08787536621094 334.0224609375 -15.000176429748535
-95.087890625 262.6593017578125 -15.000171661376953
-95.087890625 276.94500732421875 -15.00017261505127
-109.37360382080078 276.9431457519531 -15.00017261505127
-109.37359619140625 262.6593017578125 -15.000171661376953
-123.65930938720703 276.9412841796875 -15.00017261505127
-123.65930938720703 262.6593017578125 -15.000171661376953
-137.9450225830078 276.93939208984375 -15.00017261505127
-137.9450225830078 262.6593017578125 -15.000171661376953
-152.23072814941406 276.9375305175781 -15.00017261505127
-152.23072814941406 262.6592712402344 -15.000171661376953
-166.51644897460938 276.9356689453125 -15.00017261505127
-166.5164337158203 262.6592712402344 -15.000171661376953
-95.087890625 291.230712890625 -15.000173568725586
-109.37360382080078 291.22698974609375 -15.000173568725586
-123.65930938720703 291.2232666015625 -15.000173568725586
-137.9450225830078 291.2195129394531 -15.000173568725586
-152.23072814941406 291.21575927734375 -15.000173568725586
-166.51644897460938 291.2120361328125 -15.000173568725586
-95.087890625 305.5164489746094 -15.000174522399902
-109.37360382080078 305.5108337402344 -15.000174522399902
-123.65930938720703 305.5052185058594 -15.000174522399902
-137.9450225830078 305.4996337890625 -15.000174522399902
-152.23074340820312 305.4940185546875 -15.000174522399902
-166.51644897460938 305.4884033203125 -15.000174522399902
-95.08789825439453 319.8021545410156 -15.000175476074219
-109.37361145019531 319.794677734375 -15.000175476074219
-123.65931701660156 319.7872009277344 -15.000175476074219
-137.9450225830078 319.77972412109375 -15.000175476074219
-152.23074340820312 319.7722473144531 -15.000175476074219
-166.51644897460938 319.7647705078125 -15.000175476074219
-95.087890625 334.0878601074219 -15.000176429748535
-109.37360382080078 334.0785217285156 -15.000176429748535
-123.65931701660156 334.0691833496094 -15.000176429748535
-137.9450225830078 334.0598449707031 -15.000176429748535
-152.23072814941406 334.0505065917969 -15.000176429748535
-166.51644897460938 334.0411682128906 -15.000176429748535
-95.08787536621094 348.3735656738281 -15.000178337097168
-109.37359619140625 348.36236572265625 -15.000178337097168
-123.65930938720703 348.3511657714844 -15.000178337097168
-137.9450225830078 348.3399353027344 -15.000178337097168
-152.23074340820312 348.3287353515625 -15.000178337097168
-166.51644897460938 348.3175354003906 -15.000178337097168
-95.08787536621094 362.6593017578125 -15.000179290771484
-109.37359619140625 362.6462097167969 -15.000179290771484
-123.65930938720703 362.6331481933594 -15.000179290771484
-137.9450225830078 362.62005615234375 -15.000179290771484
-152.23074340820312 362.60699462890625 -15.000179290771484
-166.51644897460938 362.5939025878906 -15.000179290771484
