-2.234514795418363e-08 3.8702495430698036e-08 1.0
1.6451100748327008e-07 9.652232080270551e-08 1.0
-2.234514795418363e-08 3.8702495430698036e-08 1.0
-3.7150829967913523e-08 6.434821386847034e-08 1.0
-2.234514795418363e-08 3.8702495430698036e-08 1.0
-3.7150829967913523e-08 6.434821386847034e-08 1.0
0.0 7.740532481648188e-08 1.0
3.3517515873882076e-08 1.9351428903746637e-08 1.0
6.185040035688871e-08 -1.8453309280630492e-07 -1.0
-6.185040035688871e-08 -1.845330785954502e-07 -1.0
3.3517515873882076e-08 -1.9351428903746637e-08 -1.0
0.0 7.740541718703753e-08 1.0
8.061331158160101e-08 8.061439160655937e-08 1.0
-2.2344989858424924e-08 3.8702765436937625e-08 1.0
8.777500681844685e-08 2.294356988841173e-07 1.0
-2.234500584563648e-08 3.8702793858647055e-08 1.0
-3.7150829967913523e-08 6.434821386847034e-08 1.0
-2.234500584563648e-08 3.8702793858647055e-08 1.0
-2.2344989858424924e-08 3.8702765436937625e-08 1.0
0.0 7.740532481648188e-08 1.0
3.351755495373254e-08 1.935145022002871e-08 1.0
6.185040035688871e-08 -1.8453309280630492e-07 -1.0
-6.185047141116229e-08 -1.8453305017374078e-07 -1.0
3.3517515873882076e-08 -1.9351428903746637e-08 -1.0
0.0 7.740541718703753e-08 1.0
8.061388001578962e-08 8.061424239258486e-08 1.0
-2.2345020056491194e-08 3.870281872764281e-08 1.0
-2.234503426734591e-08 3.870284359663856e-08 1.0
-3.715140906024317e-08 6.434830623902599e-08 1.0
-3.715086549505031e-08 6.43482707118892e-08 1.0
-2.2344989858424924e-08 3.8702765436937625e-08 1.0
-3.7150829967913523e-08 6.434821386847034e-08 1.0
-0.0 7.740532481648188e-08 1.0
-6.185020851035006e-08 1.8453320649314264e-07 1.0
6.185018719406798e-08 -1.8453256700468046e-07 -1.0
-6.184983902812746e-08 -1.8453211225732957e-07 -1.0
-6.184998824210197e-08 -1.8453268069151818e-07 -1.0
0.0 7.740546692502903e-08 1.0
-2.9506756149544344e-08 1.1012085110451153e-07 1.0
-2.234514795418363e-08 3.8702495430698036e-08 1.0
-3.7150883258618705e-08 6.434830623902599e-08 1.0
-3.7150829967913523e-08 6.434821386847034e-08 1.0
6.18498319227001e-08 -1.8453209804647486e-07 -1.0
-6.185020851035006e-08 -1.8453320649314264e-07 -1.0
-2.2344989858424924e-08 3.8702765436937625e-08 1.0
-2.234512486154472e-08 3.8702527405121145e-08 1.0
-2.2344989858424924e-08 3.8702765436937625e-08 1.0
-3.7151057341588967e-08 6.434821386847034e-08 1.0
8.777644211477309e-08 2.2943818578369246e-07 1.0
-5.5726243175513446e-08 9.652232080270551e-08 1.0
0.0 7.740532481648188e-08 1.0
-6.185040035688871e-08 1.845330785954502e-07 1.0
-3.3517519426595754e-08 -1.9351430680103476e-08 -1.0
3.3517515873882076e-08 -1.9351428903746637e-08 -1.0
-6.185040035688871e-08 -1.845330785954502e-07 -1.0
0.0 7.740541718703753e-08 1.0
-2.9506781018540096e-08 1.1012095058049454e-07 1.0
-1.0933588256989424e-08 6.853112211047119e-08 1.0
-5.6067452902652803e-08 9.711076387475259e-08 1.0
2.863291292953818e-08 7.484364772381014e-08 1.0
-3.351755495373254e-08 -1.9351384494825652e-08 -1.0
-6.18500166638114e-08 -1.8453263805895403e-07 -1.0
-2.2344989858424924e-08 3.8702765436937625e-08 1.0
-2.2344989858424924e-08 3.8702765436937625e-08 1.0
-2.2344989858424924e-08 3.8702765436937625e-08 1.0
3.3517515873882076e-08 1.9351428903746637e-08 1.0
-6.185040035688871e-08 -1.845330785954502e-07 -1.0
-1.0933588256989424e-08 6.853112211047119e-08 1.0
-1.0933615790520435e-08 6.853115763760798e-08 1.0
-1.0933588256989424e-08 6.853112211047119e-08 1.0
-1.0933588256989424e-08 6.853112211047119e-08 1.0
-2.234500406927964e-08 3.8702790305933377e-08 1.0
-1.0933560723458413e-08 6.853109368876176e-08 1.0
-0.0 7.740537455447338e-08 1.0
-6.185002376923876e-08 1.8453265226980875e-07 1.0
6.18500166638114e-08 -1.8453263805895403e-07 -1.0
-6.185002376923876e-08 -1.8453265226980875e-07 -1.0
-6.18500166638114e-08 -1.8453263805895403e-07 -1.0
0.0 7.740546692502903e-08 1.0
-2.9506781018540096e-08 1.1012095058049454e-07 1.0
-2.2344989858424924e-08 3.8702765436937625e-08 1.0
-2.234512486154472e-08 3.8702527405121145e-08 1.0
-2.234500584563648e-08 3.8702793858647055e-08 1.0
-2.234500584563648e-08 3.8702793858647055e-08 1.0
8.77758878914392e-08 2.294370062827511e-07 1.0
-2.2344989858424924e-08 3.8702765436937625e-08 1.0
0.0 7.740532481648188e-08 1.0
-6.185047141116229e-08 1.8453305017374078e-07 1.0
-3.3517519426595754e-08 -1.9351430680103476e-08 -1.0
3.351755495373254e-08 -1.935145022002871e-08 -1.0
-6.185040035688871e-08 -1.845330785954502e-07 -1.0
0.0 7.740541718703753e-08 1.0
-2.9506809440249526e-08 1.1012105005647754e-07 1.0
-2.2344989858424924e-08 3.8702765436937625e-08 1.0
-2.2344989858424924e-08 3.8702765436937625e-08 1.0
8.777582394259298e-08 2.294371057587341e-07 1.0
-6.185040035688871e-08 1.845330785954502e-07 1.0
3.3517515873882076e-08 -1.9351428903746637e-08 -1.0
-1.0933588256989424e-08 6.853112211047119e-08 1.0
-5.606702302429767e-08 9.711060755535073e-08 1.0
-1.0933588256989424e-08 6.853112211047119e-08 1.0
-2.234500406927964e-08 3.8702790305933377e-08 1.0
2.863294312760445e-08 7.484361219667335e-08 1.0
-0.0 7.740537455447338e-08 1.0
-6.185002376923876e-08 1.8453265226980875e-07 1.0
-3.351755495373254e-08 -1.9351384494825652e-08 -1.0
3.351755850644622e-08 -1.9351384494825652e-08 -1.0
-6.18500166638114e-08 -1.8453263805895403e-07 -1.0
0.0 9.711060755535073e-08 1.0
-1.4753390509270048e-08 5.506047529024727e-08 1.0
-2.2345020056491194e-08 3.870281872764281e-08 1.0
-5.606702302429767e-08 9.711060755535073e-08 1.0
-1.0933588256989424e-08 6.853112211047119e-08 1.0
-2.234500406927964e-08 3.8702790305933377e-08 1.0
2.8632978654741237e-08 7.48436193021007e-08 1.0
-0.0 7.740537455447338e-08 1.0
-6.185002376923876e-08 1.8453265226980875e-07 1.0
-3.351759758629669e-08 -1.9351407587464564e-08 -1.0
3.351755850644622e-08 -1.9351384494825652e-08 -1.0
-6.185008771808498e-08 -1.8453262384809932e-07 -1.0
0.0 9.711060755535073e-08 1.0
-1.4753390509270048e-08 5.506047529024727e-08 1.0
5.6066593145942534e-08 9.711045834137622e-08 1.0
2.2024102008799673e-07 0.0 1.0
2.2024102008799673e-07 0.0 1.0
0.0 -0.0 1.0
-2.2024102008799673e-07 0.0 1.0
0.0 -0.0 1.0
-2.2024102008799673e-07 0.0 1.0
-2.2024102008799673e-07 0.0 1.0
-2.9507074117418597e-08 5.1107271303862944e-08 1.0
-1.209208733143896e-07 6.981399280903133e-08 1.0
-3.351752297930943e-08 1.9351434232817155e-08 1.0
3.3517515873882076e-08 1.9351428903746637e-08 1.0
-3.3517519426595754e-08 -1.9351430680103476e-08 -1.0
5.6066593145942534e-08 9.711045834137622e-08 1.0
-1.7993401968396938e-07 6.981399280903133e-08 1.0
-7.538559110287224e-09 7.740532481648188e-08 1.0
1.8575869731307648e-08 3.217398614197009e-08 1.0
4.469010050911493e-08 -0.0 1.0
4.468928693768248e-08 7.740542429246489e-08 1.0
-6.543100994349516e-08 1.9073486612342094e-07 1.0
1.1037228020427392e-08 9.652231369727815e-08 1.0
-7.538559110287224e-09 7.740532481648188e-08 1.0
-9.154579316827949e-08 2.2290953438641736e-07 1.0
-6.543100994349516e-08 1.9073486612342094e-07 1.0
4.468923009426362e-08 7.740532481648188e-08 1.0
4.469010050911493e-08 0.0 1.0
-7.538548452146188e-09 6.434820676304298e-08 1.0
-7.538559110287224e-09 7.740532481648188e-08 1.0
1.8575869731307648e-08 3.217398614197009e-08 1.0
4.469010050911493e-08 -0.0 1.0
4.468923009426362e-08 7.740532481648188e-08 1.0
4.469010050911493e-08 0.0 1.0
-7.538548452146188e-09 6.434820676304298e-08 1.0
-0.0 7.740532481648188e-08 1.0
3.3517519426595754e-08 1.9351430680103476e-08 1.0
6.185040035688871e-08 -1.8453309280630492e-07 -1.0
-6.185040035688871e-08 -1.8453309280630492e-07 -1.0
3.3517519426595754e-08 -1.9351430680103476e-08 -1.0
4.724446203176191e-13 7.740532481648188e-08 1.0
0.0 0.0 1.0
1.9073125656632328e-07 3.303618143490894e-07 1.0
0.0 0.0 1.0
3.814697322468419e-07 -0.0 1.0
-3.3036877766789985e-07 -1.907393141209468e-07 1.0
2.3282532585905402e-12 3.814610352037562e-07 1.0
-1.1011991318810033e-07 2.9506599830142477e-08 1.0
-2.9507015497642897e-08 1.1012109979446905e-07 1.0
-2.9507015497642897e-08 1.1012109979446905e-07 1.0
-7.53854134671883e-09 7.740531771105452e-08 1.0
1.857571696461946e-08 3.2174177988508745e-08 1.0
4.469010050911493e-08 -0.0 1.0
4.468991576800363e-08 7.740542429246489e-08 1.0
3.769229817152109e-09 7.0876836844036e-08 1.0
7.296926440858442e-08 1.9073486612342094e-07 1.0
-7.538550228503027e-09 7.740532481648188e-08 1.0
-9.154509683639844e-08 2.2290851120487787e-07 1.0
-6.54311023140508e-08 1.9073486612342094e-07 1.0
4.468923009426362e-08 7.740532481648188e-08 1.0
4.4690164457961146e-08 0.0 1.0
-7.538559110287224e-09 6.434821386847034e-08 1.0
-7.538550228503027e-09 7.740532481648188e-08 1.0
1.8575727622760496e-08 3.217419575207714e-08 1.0
4.4690164457961146e-08 -0.0 1.0
-7.53854134671883e-09 7.740531771105452e-08 1.0
1.857571696461946e-08 3.2174177988508745e-08 1.0
4.469010050911493e-08 0.0 1.0
-0.0 7.740532481648188e-08 1.0
3.351755495373254e-08 1.935145022002871e-08 1.0
6.185040035688871e-08 -1.8453309280630492e-07 -1.0
-6.185047141116229e-08 -1.8453305017374078e-07 -1.0
3.3517519426595754e-08 -1.9351430680103476e-08 -1.0
4.724446203176191e-13 7.740532481648188e-08 1.0
0.0 0.0 1.0
-2.605488589324523e-07 6.981399280903133e-08 1.0
4.0307014614882064e-08 6.981399280903133e-08 1.0
-0.0 8.061416423288392e-08 1.0
-6.981373701364646e-08 1.2092127121832164e-07 1.0
3.814697322468419e-07 -0.0 1.0
-3.3036178592737997e-07 -1.9073526402735297e-07 1.0
2.3282532585905402e-12 3.814610352037562e-07 1.0
-2.9506809440249526e-08 1.1012105005647754e-07 1.0
-7.538559998465644e-09 7.740542429246489e-08 1.0
1.8575736504544693e-08 3.2174209962931855e-08 1.0
4.4690164457961146e-08 -0.0 1.0
4.468994063699938e-08 7.740546692502903e-08 1.0
3.7692604593075885e-09 7.087688658202751e-08 1.0
-3.7151561826931356e-08 0.0 1.0
4.468994063699938e-08 7.740546692502903e-08 1.0
4.469010050911493e-08 -0.0 1.0
-7.538536905826732e-09 6.434830623902599e-08 1.0
4.468928693768248e-08 7.740542429246489e-08 1.0
4.469010050911493e-08 0.0 1.0
-7.53860263102979e-09 6.434827781731656e-08 1.0
-7.538548452146188e-09 7.740530350019981e-08 1.0
1.8575869731307648e-08 3.217398614197009e-08 1.0
4.469010050911493e-08 -0.0 1.0
4.468992287343099e-08 7.740543139789224e-08 1.0
4.4690164457961146e-08 0.0 1.0
-7.538559110287224e-09 6.434821386847034e-08 1.0
0.0 7.740532481648188e-08 1.0
-6.184983902812746e-08 1.8453211225732957e-07 1.0
6.185037193517928e-08 -1.8453310701715964e-07 -1.0
-6.185020851035006e-08 -1.8453320649314264e-07 -1.0
-6.184981060641803e-08 -1.845321264681843e-07 -1.0
-0.0 7.740546692502903e-08 1.0
1.2092037593447458e-07 1.5042780887597473e-07 1.0
-1.396273603404552e-07 0.0 1.0
1.9073526402735297e-07 3.3036411650755326e-07 1.0
-0.0 8.061416423288392e-08 1.0
-6.981373701364646e-08 1.2092127121832164e-07 1.0
3.814697322468419e-07 -0.0 1.0
1.9073326029683813e-07 3.303606206372933e-07 1.0
0.0 0.0 1.0
-2.950656075029201e-08 1.1012080136652003e-07 1.0
-7.538522694972016e-09 7.740541718703753e-08 1.0
1.857588927123288e-08 3.217402166910688e-08 1.0
4.469010050911493e-08 -0.0 1.0
4.4689013378729214e-08 7.740542429246489e-08 1.0
4.469010050911493e-08 0.0 1.0
-7.538583091104556e-09 6.434830623902599e-08 1.0
4.468923009426362e-08 7.740532481648188e-08 1.0
4.469010050911493e-08 0.0 1.0
-7.538548452146188e-09 6.434820676304298e-08 1.0
6.185020851035006e-08 -1.8453320649314264e-07 -1.0
-6.184983902812746e-08 -1.8453211225732957e-07 -1.0
-7.53854134671883e-09 7.740531771105452e-08 1.0
1.857571696461946e-08 3.2174177988508745e-08 1.0
4.469010050911493e-08 -0.0 1.0
4.468991576800363e-08 7.740542429246489e-08 1.0
3.769229817152109e-09 7.0876836844036e-08 1.0
-3.715151919436721e-08 0.0 1.0
-7.53854134671883e-09 7.740531771105452e-08 1.0
1.857571696461946e-08 3.2174177988508745e-08 1.0
4.469010050911493e-08 -0.0 1.0
4.468964931447772e-08 7.740543139789224e-08 1.0
4.469010050911493e-08 0.0 1.0
-7.538548452146188e-09 6.434820676304298e-08 1.0
2.9613048013743537e-08 7.740532481648188e-08 1.0
3.7151739462615296e-08 6.434797228394018e-08 1.0
-6.543100994349516e-08 1.9073486612342094e-07 1.0
-1.755486920274052e-07 7.740532481648188e-08 1.0
-6.543100994349516e-08 1.9073486612342094e-07 1.0
1.1037228020427392e-08 9.652231369727815e-08 1.0
-0.0 7.740532481648188e-08 1.0
-6.185040035688871e-08 1.8453309280630492e-07 1.0
-3.3517519426595754e-08 -1.9351430680103476e-08 -1.0
3.3517519426595754e-08 -1.9351430680103476e-08 -1.0
-6.185040035688871e-08 -1.8453309280630492e-07 -1.0
4.724446203176191e-13 7.740532481648188e-08 1.0
3.814697322468419e-07 0.0 1.0
-3.303548226085695e-07 -1.9073125656632328e-07 1.0
-0.0 3.814697322468419e-07 1.0
0.0 0.0 1.0
1.9073526402735297e-07 3.3036411650755326e-07 1.0
0.0 0.0 1.0
-2.9506599830142477e-08 1.1012099321305868e-07 1.0
1.1012146217126428e-07 -2.9507015497642897e-08 1.0
-2.950688404723678e-08 1.1012097189677661e-07 1.0
4.468991576800363e-08 7.740542429246489e-08 1.0
4.469010050911493e-08 -0.0 1.0
-2.234500406927964e-08 3.8702790305933377e-08 1.0
0.0 7.740541718703753e-08 1.0
4.4689311806678234e-08 7.740532481648188e-08 1.0
-6.543087494037536e-08 1.9073486612342094e-07 1.0
8.77754189332336e-08 2.2943642363770778e-07 1.0
-3.351755850644622e-08 -1.9351384494825652e-08 -1.0
-6.185002376923876e-08 -1.8453265226980875e-07 -1.0
-7.53854134671883e-09 7.740531771105452e-08 1.0
-9.154504709840694e-08 2.2290861068086087e-07 1.0
-6.543100994349516e-08 1.9073486612342094e-07 1.0
-7.53854134671883e-09 7.740531771105452e-08 1.0
1.857571696461946e-08 3.2174177988508745e-08 1.0
4.469010050911493e-08 0.0 1.0
-7.53854134671883e-09 7.740531771105452e-08 1.0
1.857571696461946e-08 3.2174177988508745e-08 1.0
4.469010050911493e-08 -0.0 1.0
3.3517519426595754e-08 1.9351430680103476e-08 1.0
-6.185040035688871e-08 -1.8453309280630492e-07 -1.0
4.468991576800363e-08 7.740542429246489e-08 1.0
4.469010050911493e-08 -0.0 1.0
-2.234500406927964e-08 3.8702790305933377e-08 1.0
4.468994063699938e-08 7.740546692502903e-08 1.0
4.469010050911493e-08 0.0 1.0
-2.2345071570839536e-08 3.8702673066381976e-08 1.0
4.468991576800363e-08 7.740542429246489e-08 1.0
4.469010050911493e-08 -0.0 1.0
-2.234500406927964e-08 3.8702790305933377e-08 1.0
4.468991576800363e-08 7.740542429246489e-08 1.0
4.469010050911493e-08 0.0 1.0
-2.234500406927964e-08 3.8702790305933377e-08 1.0
4.46898873462942e-08 7.740537455447338e-08 1.0
3.7692515775233915e-09 7.087680842232658e-08 1.0
-3.715151919436721e-08 0.0 1.0
4.46895853656315e-08 7.740532481648188e-08 1.0
4.469010050911493e-08 0.0 1.0
-2.2344989858424924e-08 3.8702765436937625e-08 1.0
2.3622231015880957e-13 7.740532481648188e-08 1.0
-6.185002376923876e-08 1.8453265226980875e-07 1.0
6.185002376923876e-08 -1.8453265226980875e-07 -1.0
-6.185002376923876e-08 -1.8453265226980875e-07 -1.0
-6.185002376923876e-08 -1.8453265226980875e-07 -1.0
2.36222608314407e-13 7.740541718703753e-08 1.0
1.2092084489268018e-07 1.5042807888221432e-07 1.0
-1.396273603404552e-07 0.0 1.0
1.9073253554324765e-07 3.3036138802344794e-07 1.0
-0.0 0.0 1.0
3.814697322468419e-07 -0.0 1.0
1.9073428347837762e-07 3.30362382783278e-07 1.0
0.0 0.0 1.0
-2.950656075029201e-08 1.1012080136652003e-07 1.0
-2.9506685095270768e-08 1.1012092926421246e-07 1.0
-7.53854134671883e-09 7.740531771105452e-08 1.0
1.857571696461946e-08 3.2174177988508745e-08 1.0
4.469010050911493e-08 -0.0 1.0
4.468991576800363e-08 7.740542429246489e-08 1.0
3.769229817152109e-09 7.0876836844036e-08 1.0
-3.715151919436721e-08 0.0 1.0
-7.538550228503027e-09 7.740532481648188e-08 1.0
1.8575727622760496e-08 3.217419575207714e-08 1.0
4.4690164457961146e-08 -0.0 1.0
-7.538550228503027e-09 7.740532481648188e-08 1.0
1.8575727622760496e-08 3.217419575207714e-08 1.0
4.4690164457961146e-08 0.0 1.0
2.961301248660675e-08 7.740532481648188e-08 1.0
3.715145524552099e-08 6.434839150415428e-08 1.0
-6.54311023140508e-08 1.9073486612342094e-07 1.0
-7.53854134671883e-09 7.740531771105452e-08 1.0
-9.154504709840694e-08 2.2290861068086087e-07 1.0
-6.543100994349516e-08 1.9073486612342094e-07 1.0
-0.0 7.740532481648188e-08 1.0
-6.185047141116229e-08 1.8453305017374078e-07 1.0
-3.3517519426595754e-08 -1.9351430680103476e-08 -1.0
3.351755495373254e-08 -1.935145022002871e-08 -1.0
-6.185040035688871e-08 -1.8453309280630492e-07 -1.0
4.724446203176191e-13 7.740532481648188e-08 1.0
3.814697322468419e-07 0.0 1.0
1.209208733143896e-07 6.981399280903133e-08 1.0
-1.7993401968396938e-07 6.981399280903133e-08 1.0
-0.0 8.061416423288392e-08 1.0
2.6054789259433164e-07 -6.981373701364646e-08 1.0
0.0 0.0 1.0
1.9073526402735297e-07 3.3036411650755326e-07 1.0
0.0 0.0 1.0
-2.9506809440249526e-08 1.1012105005647754e-07 1.0
-7.53854134671883e-09 7.740531771105452e-08 1.0
1.857571696461946e-08 3.2174177988508745e-08 1.0
4.469010050911493e-08 -0.0 1.0
-7.53854134671883e-09 7.740531771105452e-08 1.0
1.857571696461946e-08 3.2174177988508745e-08 1.0
4.469010050911493e-08 0.0 1.0
2.961297518311312e-08 7.740531771105452e-08 1.0
3.715143392923892e-08 6.434835597701749e-08 1.0
-6.543100994349516e-08 1.9073486612342094e-07 1.0
-6.185040035688871e-08 1.8453309280630492e-07 1.0
3.3517519426595754e-08 -1.9351430680103476e-08 -1.0
4.468991576800363e-08 7.740542429246489e-08 1.0
4.469010050911493e-08 -0.0 1.0
-2.234500406927964e-08 3.8702790305933377e-08 1.0
0.0 7.740541718703753e-08 1.0
4.468991576800363e-08 7.740542429246489e-08 1.0
4.469010050911493e-08 0.0 1.0
-2.234500406927964e-08 3.8702790305933377e-08 1.0
-1.7555115050527093e-07 7.740537455447338e-08 1.0
-1.4806526671407028e-08 1.0305091535656175e-07 1.0
3.581785890105493e-08 1.9073486612342094e-07 1.0
4.46895853656315e-08 7.740532481648188e-08 1.0
-6.543087494037536e-08 1.9073486612342094e-07 1.0
8.777582394259298e-08 2.294371057587341e-07 1.0
2.3622231015880957e-13 7.740532481648188e-08 1.0
-6.185002376923876e-08 1.8453265226980875e-07 1.0
-3.351755850644622e-08 -1.9351384494825652e-08 -1.0
3.351755850644622e-08 -1.9351384494825652e-08 -1.0
-6.185002376923876e-08 -1.8453265226980875e-07 -1.0
2.963576107607724e-13 9.711045834137622e-08 1.0
1.9073461032803607e-07 1.1012105005647754e-07 1.0
0.0 0.0 1.0
0.0 0.0 1.0
-0.0 0.0 1.0
0.0 0.0 1.0
1.9073428347837762e-07 3.30362382783278e-07 1.0
0.0 0.0 1.0
0.0 0.0 1.0
-6.981367306480024e-08 6.981385070048418e-08 1.0
-7.538559998465644e-09 7.740542429246489e-08 1.0
1.8575736504544693e-08 3.2174209962931855e-08 1.0
4.4690164457961146e-08 -0.0 1.0
0.0 7.740542429246489e-08 1.0
4.468991576800363e-08 7.740542429246489e-08 1.0
4.469010050911493e-08 0.0 1.0
-2.234500406927964e-08 3.8702790305933377e-08 1.0
-1.7555115050527093e-07 7.740537455447338e-08 1.0
-1.4806526671407028e-08 1.0305091535656175e-07 1.0
3.581785890105493e-08 1.9073486612342094e-07 1.0
4.46895853656315e-08 7.740532481648188e-08 1.0
-6.543096731093101e-08 1.9073486612342094e-07 1.0
8.77758878914392e-08 2.294370062827511e-07 1.0
2.3622231015880957e-13 7.740532481648188e-08 1.0
-6.185002376923876e-08 1.8453265226980875e-07 1.0
-3.351759403358301e-08 -1.9351405811107725e-08 -1.0
3.351755850644622e-08 -1.9351384494825652e-08 -1.0
-6.185008771808498e-08 -1.8453262384809932e-07 -1.0
2.963576107607724e-13 9.711045834137622e-08 1.0
1.9073461032803607e-07 1.1012105005647754e-07 1.0
0.0 0.0 1.0
0.0 0.0 1.0
-0.0 0.0 1.0
0.0 0.0 1.0
1.9073428347837762e-07 3.30362382783278e-07 1.0
0.0 0.0 1.0
0.0 0.0 1.0
-6.981367306480024e-08 6.981385070048418e-08 1.0
0.0 7.740541718703753e-08 1.0
-0.0 7.740531771105452e-08 1.0
-0.0 7.740531771105452e-08 1.0
0.0 0.0 1.0
-0.0 7.740531771105452e-08 1.0
0.0 0.0 1.0
-0.0 7.740531771105452e-08 1.0
-0.0 7.740531771105452e-08 1.0
1.9073449664119835e-07 1.1012112111075112e-07 1.0
0.0 0.0 1.0
0.0 0.0 1.0
-0.0 8.061416423288392e-08 1.0
-6.981373701364646e-08 1.2092127121832164e-07 1.0
3.814697322468419e-07 -0.0 1.0
-0.0 0.0 1.0
-0.0 0.0 1.0
2.9506752596830665e-08 5.110733880542284e-08 1.0
4.4260104914428666e-08 2.5553690718993494e-08 1.0
3.3517515873882076e-08 1.9351428903746637e-08 1.0
-3.814697322468419e-07 0.0 1.0
0.0 0.0 1.0
2.950673660961911e-08 5.110731038371341e-08 1.0
-1.369414448504358e-08 5.110731038371341e-08 1.0
3.814697322468419e-07 -0.0 1.0
-6.981373701364646e-08 1.2092127121832164e-07 1.0
6.981373701364646e-08 1.2092127121832164e-07 1.0
-0.0 8.061416423288392e-08 1.0
-3.814697322468419e-07 0.0 1.0
-3.3517519426595754e-08 1.9351430680103476e-08 1.0
0.0 1.3962798561806267e-07 1.0
3.3036178592737997e-07 -1.9073526402735297e-07 1.0
-3.3517515873882076e-08 1.9351428903746637e-08 1.0
-1.7035691968203537e-08 6.357843318482992e-08 1.0
6.981365174851817e-08 4.0307099880010355e-08 1.0
-6.981346700740687e-08 2.6054891577587114e-07 1.0
-3.3517519426595754e-08 1.9351430680103476e-08 1.0
1.907344397977795e-07 1.9073486612342094e-07 1.0
0.0 0.0 1.0
-3.3517515873882076e-08 1.9351428903746637e-08 1.0
-0.0 5.901364730220848e-08 1.0
-6.981360201052667e-08 4.0307075011014604e-08 1.0
0.0 7.740541718703753e-08 1.0
0.0 0.0 1.0
0.0 7.740541718703753e-08 1.0
-3.3036224067473086e-07 1.9073486612342094e-07 1.0
3.3517519426595754e-08 1.9351430680103476e-08 1.0
3.3517515873882076e-08 1.9351428903746637e-08 1.0
-4.030696842960424e-08 6.98139146493304e-08 1.0
1.2092073120584246e-07 6.98139146493304e-08 1.0
0.0 7.740541718703753e-08 1.0
0.0 0.0 1.0
0.0 7.740541718703753e-08 1.0
0.0 0.0 1.0
-3.303610753846442e-07 1.9073486612342094e-07 1.0
5.110727485657662e-08 8.852052957308842e-08 1.0
0.0 5.901365085492216e-08 1.0
-8.061401501890941e-08 8.061419976002071e-08 1.0
3.303610753846442e-07 1.9073486612342094e-07 1.0
0.0 3.814697322468419e-07 1.0
0.0 3.814697322468419e-07 1.0
3.3517519426595754e-08 1.9351430680103476e-08 1.0
-3.351755850644622e-08 1.935145377274239e-08 1.0
-3.351755495373254e-08 1.935145022002871e-08 1.0
0.0 6.981399280903133e-08 1.0
-0.0 7.740541718703753e-08 1.0
-1.9073428347837762e-07 3.30362382783278e-07 1.0
1.396273603404552e-07 -0.0 1.0
0.0 7.740541718703753e-08 1.0
1.9073428347837762e-07 3.30362382783278e-07 1.0
-1.396273603404552e-07 0.0 1.0
-0.0 8.061405765147356e-08 1.0
-0.0 0.0 1.0
-6.981360201052667e-08 4.0307071458300925e-08 1.0
1.7035674204635143e-08 6.357836213055634e-08 1.0
1.369414448504358e-08 5.110731038371341e-08 1.0
-2.950673660961911e-08 5.110731038371341e-08 1.0
0.0 0.0 1.0
3.351753008473679e-08 1.9351436009173995e-08 1.0
-0.0 0.0 1.0
-3.814697322468419e-07 0.0 1.0
-0.0 7.740541718703753e-08 1.0
6.981257172355981e-08 1.2092097279037262e-07 1.0
0.0 7.740541718703753e-08 1.0
-6.981489519830575e-08 1.2092158385712537e-07 1.0
3.814697322468419e-07 -0.0 1.0
3.351755850644622e-08 1.9351384494825652e-08 1.0
0.0 8.061416423288392e-08 1.0
-0.0 8.061416423288392e-08 1.0
3.3517515873882076e-08 1.9351428903746637e-08 1.0
0.0 0.0 1.0
0.0 0.0 1.0
0.0 0.0 1.0
0.0 -0.0 1.0
3.303610753846442e-07 1.9073486612342094e-07 1.0
-3.3517519426595754e-08 1.9351430680103476e-08 1.0
-3.351755495373254e-08 1.9351384494825652e-08 1.0
-1.2092115753148391e-07 6.98139146493304e-08 1.0
4.030696842960424e-08 6.98139146493304e-08 1.0
0.0 7.740532481648188e-08 1.0
0.0 0.0 1.0
0.0 7.740532481648188e-08 1.0
0.0 8.061416423288392e-08 1.0
-1.9073401347213803e-07 1.9073486612342094e-07 1.0
3.3517544295591506e-08 1.9351377389398294e-08 1.0
-3.303610753846442e-07 1.9073486612342094e-07 1.0
0.0 7.740532481648188e-08 1.0
-6.981373701364646e-08 1.2092127121832164e-07 1.0
6.981377254078325e-08 4.030702882573678e-08 1.0
-0.0 5.901364730220848e-08 1.0
5.1107235776726156e-08 2.950679700575165e-08 1.0
0.0 0.0 1.0
3.351758337544197e-08 1.9351400482037207e-08 1.0
0.0 7.740532481648188e-08 1.0
3.303610753846442e-07 1.9073486612342094e-07 1.0
6.981373701364646e-08 1.2092127121832164e-07 1.0
0.0 5.901365085492216e-08 1.0
3.351756561187358e-08 1.9351457325456067e-08 1.0
0.0 0.0 1.0
0.0 0.0 1.0
-6.981376543535589e-08 4.030702882573678e-08 1.0
-3.3517547848305185e-08 1.9351379165755134e-08 1.0
3.3517519426595754e-08 1.9351430680103476e-08 1.0
-6.981489519830575e-08 -1.2092158385712537e-07 -1.0
3.814697322468419e-07 0.0 -1.0
3.3517519426595754e-08 -1.9351430680103476e-08 -1.0
3.303610753846442e-07 -1.9073486612342094e-07 -1.0
6.981489519830575e-08 -1.2092158385712537e-07 -1.0
0.0 0.0 -1.0
0.0 0.0 -1.0
3.3517519426595754e-08 -1.9351430680103476e-08 -1.0
3.3517519426595754e-08 -1.9351430680103476e-08 -1.0
3.814697322468419e-07 0.0 -1.0
-0.0 0.0 -1.0
-6.981463229749352e-08 -1.2092112910977448e-07 -1.0
6.981230171732022e-08 -1.209204896213123e-07 -1.0
0.0 -8.061395817549055e-08 -1.0
-3.814697322468419e-07 0.0 -1.0
0.0 0.0 -1.0
2.5553296367775147e-08 -4.426035715709986e-08 -1.0
-1.4753507748821448e-08 -5.506054989723452e-08 -1.0
-5.1106948006918174e-08 -2.950673660961911e-08 -1.0
1.8706460380712997e-08 -6.98138649113389e-08 -1.0
-3.3517519426595754e-08 -1.9351430680103476e-08 -1.0
-3.3517515873882076e-08 -1.9351428903746637e-08 -1.0
-6.981395728189455e-08 -4.0307281068407974e-08 -1.0
3.814697322468419e-07 0.0 -1.0
0.0 -8.061405765147356e-08 -1.0
-6.981360201052667e-08 -1.209210438446462e-07 -1.0
1.9073428347837762e-07 -3.30362382783278e-07 -1.0
-1.396273603404552e-07 0.0 -1.0
3.3517515873882076e-08 -1.9351428903746637e-08 -1.0
-0.0 -3.814697322468419e-07 -1.0
-3.351761890257876e-08 -1.9351253044419536e-08 -1.0
-8.061395817549055e-08 -8.061395817549055e-08 -1.0
1.396269055931043e-07 -1.3962815614831925e-07 -1.0
6.981395728189455e-08 -4.0307281068407974e-08 -1.0
-6.981360201052667e-08 -4.0307071458300925e-08 -1.0
1.7035674204635143e-08 -6.357836213055634e-08 -1.0
0.0 0.0 -1.0
-3.351755850644622e-08 -1.935145377274239e-08 -1.0
-3.814697322468419e-07 0.0 -1.0
6.981257172355981e-08 -1.2092097279037262e-07 -1.0
0.0 -5.901370769834102e-08 -1.0
-6.981333910971443e-08 -4.0306922244326415e-08 -1.0
0.0 0.0 -1.0
3.3517519426595754e-08 -1.9351430680103476e-08 -1.0
3.3517519426595754e-08 -1.9351430680103476e-08 -1.0
-3.303610753846442e-07 -1.9073486612342094e-07 -1.0
6.981365174851817e-08 -4.0307099880010355e-08 -1.0
0.0 -5.901370769834102e-08 -1.0
-6.981373701364646e-08 -1.2092127121832164e-07 -1.0
-3.814697322468419e-07 0.0 -1.0
6.981373701364646e-08 -1.2092127121832164e-07 -1.0
0.0 0.0 -1.0
-0.0 -7.740532481648188e-08 -1.0
-3.351761890257876e-08 -1.9351253044419536e-08 -1.0
-3.351761890257876e-08 -1.9351253044419536e-08 -1.0
-0.0 -3.814697322468419e-07 -1.0
-6.981407807415962e-08 -4.030685474276652e-08 -1.0
-1.3962724665361748e-07 -1.396275592924212e-07 -1.0
8.061384448865283e-08 -8.061438450113201e-08 -1.0
3.351741639789907e-08 -1.9351608315787416e-08 -1.0
3.351741639789907e-08 -1.9351608315787416e-08 -1.0
3.814697322468419e-07 0.0 -1.0
0.0 -7.740532481648188e-08 -1.0
-1.907323081695722e-07 -1.9073486612342094e-07 -1.0
-0.0 0.0 -1.0
-0.0 -5.901370769834102e-08 -1.0
6.981333910971443e-08 -4.0306922244326415e-08 -1.0
-0.0 0.0 -1.0
0.0 0.0 -1.0
3.351755495373254e-08 -1.935145022002871e-08 -1.0
6.981321831744935e-08 -4.030734501725419e-08 -1.0
0.0 -5.901370769834102e-08 -1.0
-6.981373701364646e-08 -1.2092127121832164e-07 -1.0
3.303610753846442e-07 -1.9073486612342094e-07 -1.0
6.981373701364646e-08 -1.2092127121832164e-07 -1.0
-0.0 -7.740532481648188e-08 -1.0
3.351755850644622e-08 -1.935145377274239e-08 -1.0
0.0 -7.740532481648188e-08 -1.0
-6.981365174851817e-08 -4.0307099880010355e-08 -1.0
-0.0 -5.901370769834102e-08 -1.0
-3.3517519426595754e-08 -1.9351430680103476e-08 -1.0
0.0 7.740541718703753e-08 1.0
-5.901280530906661e-08 1.0221490498452113e-07 1.0
3.814697322468419e-07 0.0 1.0
1.209208733143896e-07 6.981399280903133e-08 1.0
