3 4 5
10 11 7
15 16 17
22 23 19
27 28 29
34 35 31
30 24 29
14 20 19
2 32 1
27 21 22
3 9 10
11 17 6
12 10 30
39 40 41
45 46 47
51 52 53
58 59 55
63 64 65
69 70 71
66 60 65
49 55 50
38 68 37
64 58 63
39 45 46
47 53 42
48 46 66
75 76 77
81 82 83
88 89 85
94 95 91
99 100 101
106 107 103
101 107 96
85 91 86
73 103 104
100 94 99
82 76 81
83 89 78
84 82 102
111 112 113
118 119 115
124 125 121
109 121 122
118 112 117
129 130 131
135 136 137
141 142 143
148 149 145
153 154 155
160 161 157
156 150 155
140 146 145
128 158 127
153 147 148
129 135 136
137 143 132
138 136 156
163 165 167
168 170 171
173 175 177
163 173 174
165 169 170
181 182 183
187 188 189
193 194 195
180 186 185
193 187 188
197 199 201
203 205 207
209 211 213
215 217 219
223 224 225
227 229 231
225 231 220
209 215 210
197 227 228
224 218 223
199 205 206
207 213 202
208 206 226
235 236 237
241 242 243
247 248 249
253 254 255
259 260 261
265 266 267
262 256 261
245 251 246
234 264 233
260 254 259
235 241 242
243 249 238
244 242 262
271 272 273
277 278 279
283 284 285
270 276 275
283 277 278
287 289 291
292 294 295
297 299 301
305 306 307
309 311 313
307 313 302
315 297 314
287 309 310
306 300 305
289 293 294
295 317 292
316 294 308
321 322 323
324 326 327
329 331 333
337 338 339
341 343 345
339 345 334
347 329 346
319 341 342
338 332 337
326 322 325
327 349 324
348 326 340
347 349 348
350 352 353
354 356 357
359 353 358
360 359 358
363 357 362
364 363 362
367 369 366
172 171 170
344 247 251
266 212 211
368 26 25
44 221 222
315 317 316
367 366 22
5 0 3
0 1 3
1 2 3
11 6 7
7 8 9
9 10 7
17 12 15
12 13 15
13 14 15
23 18 19
19 20 21
21 22 19
29 24 27
24 25 27
25 26 27
35 30 31
31 32 33
33 34 31
30 35 24
14 13 20
2 31 32
27 28 21
3 4 9
11 12 17
10 3 2
2 31 30
30 29 28
28 21 20
20 13 12
12 11 10
10 2 30
30 28 20
20 12 30
41 36 39
36 37 39
37 38 39
47 42 43
43 44 47
44 45 47
53 48 51
48 49 51
49 50 51
59 54 55
55 56 57
57 58 55
65 60 63
60 61 63
61 62 63
71 66 69
66 67 69
67 68 69
66 71 60
49 56 55
38 67 68
64 57 58
39 40 45
47 48 53
46 39 38
38 67 46
67 66 46
66 65 56
65 64 56
64 57 56
56 49 48
48 47 46
56 48 66
77 72 75
72 73 75
73 74 75
83 78 79
79 80 83
80 81 83
89 84 85
85 86 87
87 88 85
95 90 91
91 92 93
93 94 91
101 96 99
96 97 99
97 98 99
107 102 103
103 104 105
105 106 103
101 102 107
85 92 91
73 74 103
100 93 94
82 75 76
83 84 89
82 75 102
75 74 102
74 103 102
102 101 92
101 100 92
100 93 92
92 85 84
84 83 82
92 84 102
113 108 111
108 109 111
109 110 111
119 114 115
115 116 117
117 118 115
125 120 121
121 122 123
123 124 121
109 110 121
118 111 112
131 126 129
126 127 129
127 128 129
137 132 133
133 134 137
134 135 137
143 138 141
138 139 141
139 140 141
149 144 145
145 146 147
147 148 145
155 150 153
150 151 153
151 152 153
161 156 157
157 158 159
159 160 157
156 161 150
140 139 146
128 157 158
153 154 147
129 130 135
137 138 143
136 129 128
128 157 156
156 155 154
154 147 146
146 139 138
138 137 136
136 128 156
156 154 146
146 138 156
167 162 163
163 164 165
165 166 167
168 169 170
177 172 173
173 174 175
175 176 177
163 164 173
165 166 169
183 178 181
178 179 181
179 180 181
189 184 187
184 185 187
185 186 187
195 190 193
190 191 193
191 192 193
180 179 186
193 194 187
201 196 197
197 198 199
199 200 201
207 202 203
203 204 205
205 206 207
213 208 209
209 210 211
211 212 213
219 214 215
215 216 217
217 218 219
225 220 221
221 222 225
222 223 225
231 226 227
227 228 229
229 230 231
225 226 231
209 216 215
197 198 227
224 217 218
199 200 205
207 208 213
206 199 226
199 198 226
198 227 226
226 225 224
224 217 216
216 209 208
208 207 206
226 224 216
216 208 226
237 232 235
232 233 235
233 234 235
243 238 239
239 240 243
240 241 243
249 244 247
244 245 247
245 246 247
255 250 253
250 251 253
251 252 253
261 256 259
256 257 259
257 258 259
267 262 265
262 263 265
263 264 265
262 267 256
245 252 251
234 263 264
260 253 254
235 236 241
243 244 249
242 235 234
234 263 242
263 262 242
262 261 252
261 260 252
260 253 252
252 245 244
244 243 242
252 244 262
273 268 271
268 269 271
269 270 271
279 274 277
274 275 277
275 276 277
285 280 283
280 281 283
281 282 283
270 269 276
283 284 277
291 286 287
287 288 289
289 290 291
292 293 294
301 296 297
297 298 299
299 300 301
307 302 303
303 304 307
304 305 307
313 308 309
309 310 311
311 312 313
307 308 313
315 298 297
287 288 309
306 299 300
289 290 293
295 316 317
294 289 308
289 288 308
288 309 308
308 307 306
306 299 298
298 315 316
316 295 294
308 306 298
298 316 308
323 318 321
318 319 321
319 320 321
324 325 326
333 328 329
329 330 331
331 332 333
339 334 335
335 336 339
336 337 339
345 340 341
341 342 343
343 344 345
339 340 345
347 330 329
319 320 341
338 331 332
326 321 322
327 348 349
326 321 340
321 320 340
320 341 340
340 339 338
338 331 330
330 347 348
348 327 326
340 338 330
330 348 340
347 346 349
350 351 352
354 355 356
359 350 353
360 361 359
363 354 357
364 365 363
367 368 369
170 165 172
165 164 172
164 173 172
250 131 134
131 130 134
130 135 134
133 132 143
133 143 142
251 250 134
251 134 335
134 133 335
247 246 251
238 249 248
239 238 301
238 248 301
236 241 240
237 236 240
275 274 271
274 237 271
271 270 275
311 272 271
302 313 271
313 312 271
312 311 271
271 237 303
237 240 303
303 302 271
142 141 176
175 174 162
174 163 162
142 176 175
133 142 162
142 175 162
162 167 328
333 332 337
162 328 333
300 305 304
304 303 240
304 240 239
301 300 239
300 304 239
323 296 301
342 319 318
318 323 301
342 318 301
343 342 248
342 301 248
133 162 333
333 337 133
337 336 133
335 334 345
335 345 344
133 336 335
344 343 247
343 248 247
335 344 251
219 72 77
77 76 81
77 81 80
214 219 77
210 215 214
211 210 214
214 77 80
79 78 89
211 214 266
214 80 266
79 89 126
89 88 126
202 213 212
281 204 203
203 202 212
87 86 91
90 95 108
87 91 90
90 108 113
113 112 116
112 117 116
116 115 152
87 90 116
90 113 116
116 152 151
151 150 161
151 161 87
161 160 87
87 116 151
159 158 127
87 160 159
88 87 159
159 127 88
127 126 88
126 131 250
255 254 259
126 250 255
126 255 258
255 259 258
282 281 203
278 283 282
237 274 279
279 278 282
282 203 279
203 212 279
79 126 258
257 256 267
79 258 257
232 237 279
264 233 265
233 232 265
232 279 212
80 79 257
257 267 80
267 266 80
265 232 212
266 265 212
368 367 26
0 1 33
1 32 33
33 34 355
9 4 8
4 5 8
17 6 16
6 7 16
124 15 123
15 16 123
109 122 123
123 16 7
108 109 123
94 95 98
95 108 98
98 99 94
107 96 97
106 107 5
107 97 5
98 108 7
108 123 7
98 7 8
97 98 8
97 8 5
73 104 105
219 72 105
72 73 105
223 218 219
222 223 219
33 355 356
356 357 362
364 365 61
356 362 0
362 364 0
0 33 356
222 219 43
219 105 43
231 220 221
364 61 62
62 63 58
62 58 59
0 364 59
364 62 59
230 231 221
182 229 181
229 230 181
185 180 181
181 230 184
230 221 184
184 185 181
193 188 192
188 189 192
54 55 50
0 59 54
361 191 360
191 192 360
353 358 360
360 192 189
352 353 189
353 360 189
70 351 69
351 352 69
37 68 69
5 0 54
54 50 51
52 53 42
5 54 106
54 51 106
52 42 105
42 43 105
106 51 52
69 352 36
352 189 36
36 37 69
45 40 44
40 41 44
41 36 189
105 106 52
41 189 184
44 41 221
41 184 221
222 43 44
315 314 317
366 23 22
22 27 26
26 367 22
