-270.2091064453125 158.54483032226562 -5.000164031982422
-272.3741455078125 159.79483032226562 -5.000164031982422
-283.04400634765625 153.6345672607422 -5.000163555145264
-283.04400634765625 151.1345672607422 -5.000163555145264
-272.3741455078125 144.97430419921875 -5.0001630783081055
-270.2091064453125 146.22430419921875 -5.0001630783081055
-286.4591064453125 135.39898681640625 -5.000162124633789
-284.29400634765625 134.14898681640625 -5.000162124633789
-273.6241455078125 140.3092498779297 -5.000162601470947
-273.6241455078125 142.8092498779297 -5.0001630783081055
-284.29400634765625 148.96951293945312 -5.000163555145264
-286.4591064453125 147.71949768066406 -5.0001630783081055
-288.9591064453125 147.71951293945312 -5.0001630783081055
-291.1241455078125 148.96951293945312 -5.000163555145264
-301.79400634765625 142.8092498779297 -5.0001630783081055
-301.79400634765625 140.3092498779297 -5.000162601470947
-291.1241455078125 134.14898681640625 -5.000162124633789
-288.9591064453125 135.39898681640625 -5.000162124633789
-305.2091064453125 146.22430419921875 -5.0001630783081055
-303.04400634765625 144.97430419921875 -5.0001630783081055
-292.3741455078125 151.1345672607422 -5.000163555145264
-292.3741455078125 153.6345672607422 -5.000163555145264
-303.04400634765625 159.79483032226562 -5.000164031982422
-305.2091064453125 158.54483032226562 -5.000164031982422
-288.9591064453125 169.37014770507812 -5.000164985656738
-291.1241455078125 170.62014770507812 -5.000164985656738
-301.79400634765625 164.4598846435547 -5.00016450881958
-301.79400634765625 161.9598846435547 -5.00016450881958
-291.1241455078125 155.79962158203125 -5.000164031982422
-288.9591064453125 157.04962158203125 -5.000164031982422
-286.4591064453125 157.04962158203125 -5.000164031982422
-284.29400634765625 155.79962158203125 -5.000164031982422
-273.6241455078125 161.9598846435547 -5.00016450881958
-273.6241455078125 164.4598846435547 -5.00016450881958
-284.29400634765625 170.62014770507812 -5.000164985656738
-286.4591064453125 169.37014770507812 -5.000164985656738
-232.70909118652344 158.54483032226562 -5.000164031982422
-234.87416076660156 159.79483032226562 -5.000164031982422
-245.5440216064453 153.6345672607422 -5.000163555145264
-245.5440216064453 151.1345672607422 -5.000163555145264
-234.87416076660156 144.97430419921875 -5.0001630783081055
-232.70909118652344 146.22430419921875 -5.0001630783081055
-248.95909118652344 135.39898681640625 -5.000162124633789
-246.7940216064453 134.14898681640625 -5.000162124633789
-236.12416076660156 140.3092498779297 -5.000162601470947
-236.12416076660156 142.8092498779297 -5.0001630783081055
-246.7940216064453 148.96951293945312 -5.000163555145264
-248.95909118652344 147.71949768066406 -5.0001630783081055
-251.45909118652344 147.71951293945312 -5.0001630783081055
-253.62416076660156 148.96951293945312 -5.000163555145264
-264.29400634765625 142.8092498779297 -5.0001630783081055
-264.29400634765625 140.3092498779297 -5.000162601470947
-253.62416076660156 134.14898681640625 -5.000162124633789
-251.45909118652344 135.39898681640625 -5.000162124633789
-267.7091064453125 146.22430419921875 -5.0001630783081055
-265.54400634765625 144.97430419921875 -5.0001630783081055
-254.87416076660156 151.1345672607422 -5.000163555145264
-254.87416076660156 153.6345672607422 -5.000163555145264
-265.54400634765625 159.79483032226562 -5.000164031982422
-267.7091064453125 158.54483032226562 -5.000164031982422
-251.45909118652344 169.37014770507812 -5.000164985656738
-253.62416076660156 170.62014770507812 -5.000164985656738
-264.29400634765625 164.4598846435547 -5.00016450881958
-264.29400634765625 161.9598846435547 -5.00016450881958
-253.62416076660156 155.79962158203125 -5.000164031982422
-251.45909118652344 157.04962158203125 -5.000164031982422
-248.95909118652344 157.04962158203125 -5.000164031982422
-246.7940216064453 155.79962158203125 -5.000164031982422
-236.12416076660156 161.9598846435547 -5.00016450881958
-236.12416076660156 164.4598846435547 -5.00016450881958
-246.7940216064453 170.62014770507812 -5.000164985656738
-248.95909118652344 169.37014770507812 -5.000164985656738
-251.45909118652344 126.0688705444336 -5.000161647796631
-253.62416076660156 127.3188705444336 -5.000161647796631
-264.29400634765625 121.15861511230469 -5.000161170959473
-264.29400634765625 118.65861511230469 -5.000161170959473
-253.62416076660156 112.49835968017578 -5.0001606941223145
-251.45909118652344 113.74835968017578 -5.0001606941223145
-267.7090759277344 102.92304229736328 -5.000159740447998
-265.54400634765625 101.67304229736328 -5.000159740447998
-254.87416076660156 107.83329772949219 -5.000160217285156
-254.87416076660156 110.33329772949219 -5.000160217285156
-265.54400634765625 116.49354553222656 -5.0001606941223145
-267.7090759277344 115.24354553222656 -5.0001606941223145
-270.2090759277344 115.24354553222656 -5.0001606941223145
-272.3741455078125 116.49354553222656 -5.0001606941223145
-283.04400634765625 110.33329772949219 -5.000160217285156
-283.04400634765625 107.83329772949219 -5.000160217285156
-272.3741455078125 101.67304229736328 -5.000159740447998
-270.2090759277344 102.92304229736328 -5.000159740447998
-286.4591064453125 113.74835205078125 -5.0001606941223145
-284.29400634765625 112.49835205078125 -5.0001606941223145
-273.6241455078125 118.65861511230469 -5.000161170959473
-273.6241455078125 121.15861511230469 -5.000161170959473
-284.29400634765625 127.31886291503906 -5.000161647796631
-286.4591064453125 126.06886291503906 -5.000161647796631
-270.2091064453125 136.89419555664062 -5.000162601470947
-272.3741455078125 138.14419555664062 -5.000162601470947
-283.04400634765625 131.9839324951172 -5.000162124633789
-283.04400634765625 129.4839324951172 -5.000162124633789
-272.3741455078125 123.32366943359375 -5.000161647796631
-270.2090759277344 124.57366943359375 -5.000161647796631
-267.7090759277344 124.57366943359375 -5.000161647796631
-265.54400634765625 123.32366943359375 -5.000161647796631
-254.87416076660156 129.4839324951172 -5.000162124633789
-254.87416076660156 131.9839324951172 -5.000162124633789
-265.54400634765625 138.14419555664062 -5.000162601470947
-267.7091064453125 136.89419555664062 -5.000162601470947
-288.9591064453125 126.06886291503906 -5.000161647796631
-291.1241455078125 127.31886291503906 -5.000161647796631
-301.79400634765625 121.15861511230469 -5.000161170959473
-301.79400634765625 118.65861511230469 -5.000161170959473
-291.1241455078125 112.49835205078125 -5.0001606941223145
-288.9591064453125 113.74835205078125 -5.0001606941223145
-305.2091064453125 102.92303466796875 -5.000159740447998
-303.04400634765625 101.67304229736328 -5.000159740447998
-292.3741455078125 107.83329772949219 -5.000160217285156
-292.3741455078125 110.33329772949219 -5.000160217285156
-303.04400634765625 116.49354553222656 -5.0001606941223145
-305.2091064453125 115.24354553222656 -5.0001606941223145
-305.2091064453125 124.57366943359375 -5.000161647796631
-303.04400634765625 123.32366943359375 -5.000161647796631
-292.3741455078125 129.4839324951172 -5.000162124633789
-292.3741455078125 131.9839324951172 -5.000162124633789
-303.04400634765625 138.14419555664062 -5.000162601470947
-305.2091064453125 136.89419555664062 -5.000162601470947
-270.2090759277344 93.59292602539062 -5.00015926361084
-272.3741455078125 94.84292602539062 -5.00015926361084
-283.04400634765625 88.68266296386719 -5.000158786773682
-283.04400634765625 86.18266296386719 -5.000158786773682
-272.3741455078125 80.02239990234375 -5.000158309936523
-270.2090759277344 81.27239990234375 -5.000158309936523
-286.4590759277344 70.44708251953125 -5.000157356262207
-284.29400634765625 69.19708251953125 -5.000157356262207
-273.6241455078125 75.35734558105469 -5.000157833099365
-273.6241455078125 77.85734558105469 -5.000157833099365
-284.29400634765625 84.01760864257812 -5.000158309936523
-286.4590759277344 82.76759338378906 -5.000158309936523
-288.9590759277344 82.76760864257812 -5.000158309936523
-291.1241455078125 84.01760864257812 -5.000158309936523
-301.79400634765625 77.85734558105469 -5.000157833099365
-301.79400634765625 75.35734558105469 -5.000157833099365
-291.1241455078125 69.19708251953125 -5.000157356262207
-288.9590759277344 70.44708251953125 -5.000157356262207
-305.2090759277344 81.27239227294922 -5.000158309936523
-303.04400634765625 80.02239990234375 -5.000158309936523
-292.3741455078125 86.18266296386719 -5.000158786773682
-292.3741455078125 88.68266296386719 -5.000158786773682
-303.04400634765625 94.84292602539062 -5.00015926361084
-305.2091064453125 93.5929183959961 -5.00015926361084
-288.9591064453125 104.41824340820312 -5.000160217285156
-291.1241455078125 105.66824340820312 -5.000160217285156
-301.79400634765625 99.50798034667969 -5.000159740447998
-301.79400634765625 97.00798034667969 -5.00015926361084
-291.1241455078125 90.84771728515625 -5.000158786773682
-288.9591064453125 92.09771728515625 -5.00015926361084
-286.4591064453125 92.09771728515625 -5.00015926361084
-284.29400634765625 90.84771728515625 -5.000158786773682
-273.6241455078125 97.00798034667969 -5.00015926361084
-273.6241455078125 99.50798034667969 -5.000159740447998
-284.29400634765625 105.66824340820312 -5.000160217285156
-286.4591064453125 104.41824340820312 -5.000160217285156
-288.9590759277344 61.116966247558594 -5.000156879425049
-291.1241455078125 62.366966247558594 -5.000156879425049
-301.79400634765625 56.20671081542969 -5.000156402587891
-301.79400634765625 53.70671081542969 -5.000156402587891
-291.1241455078125 47.54645538330078 -5.000155925750732
-288.9590759277344 48.79645538330078 -5.000155925750732
-305.2090759277344 45.38139343261719 -5.000155448913574
-292.3741455078125 45.38139343261719 -5.000155448913574
-303.04400634765625 51.541648864746094 -5.000155925750732
-305.2090759277344 50.29163360595703 -5.000155925750732
-305.2090759277344 59.62175750732422 -5.000156402587891
-303.04400634765625 58.37177276611328 -5.000156402587891
-292.3741455078125 64.53202819824219 -5.000156879425049
-292.3741455078125 67.03202819824219 -5.000157356262207
-303.04400634765625 73.19229125976562 -5.000157833099365
-305.2090759277344 71.9422836303711 -5.000157356262207
-213.95909118652344 147.71951293945312 -5.0001630783081055
-216.12416076660156 148.96951293945312 -5.000163555145264
-226.7940216064453 142.8092498779297 -5.0001630783081055
-226.7940216064453 140.3092498779297 -5.000162601470947
-216.12416076660156 134.14898681640625 -5.000162124633789
-213.95909118652344 135.39898681640625 -5.000162124633789
-230.20909118652344 146.22430419921875 -5.0001630783081055
-228.0440216064453 144.97430419921875 -5.0001630783081055
-217.37416076660156 151.1345672607422 -5.000163555145264
-217.37416076660156 153.6345672607422 -5.000163555145264
-228.0440216064453 159.79483032226562 -5.000164031982422
-230.20909118652344 158.54483032226562 -5.000164031982422
-213.95909118652344 169.37014770507812 -5.000164985656738
-216.12416076660156 170.62014770507812 -5.000164985656738
-226.7940216064453 164.4598846435547 -5.00016450881958
-226.7940216064453 161.9598846435547 -5.00016450881958
-216.12416076660156 155.79962158203125 -5.000164031982422
-213.95909118652344 157.04962158203125 -5.000164031982422
-213.95909118652344 126.0688705444336 -5.000161647796631
-216.12416076660156 127.3188705444336 -5.000161647796631
-226.7940216064453 121.15861511230469 -5.000161170959473
-226.7940216064453 118.65861511230469 -5.000161170959473
-216.12416076660156 112.49835968017578 -5.0001606941223145
-213.95909118652344 113.74835968017578 -5.0001606941223145
-230.20909118652344 102.92304229736328 -5.000159740447998
-228.0440216064453 101.67304229736328 -5.000159740447998
-217.37416076660156 107.83329772949219 -5.000160217285156
-217.37416076660156 110.33329772949219 -5.000160217285156
-228.0440216064453 116.4935531616211 -5.0001606941223145
-230.20909118652344 115.24354553222656 -5.0001606941223145
-232.70909118652344 115.2435531616211 -5.0001606941223145
-234.87416076660156 116.4935531616211 -5.0001606941223145
-245.5440216064453 110.33329772949219 -5.000160217285156
-245.5440216064453 107.83329772949219 -5.000160217285156
-234.87416076660156 101.67304229736328 -5.000159740447998
-232.70909118652344 102.92304229736328 -5.000159740447998
-248.95909118652344 113.74835968017578 -5.0001606941223145
-246.7940216064453 112.49835968017578 -5.0001606941223145
-236.12416076660156 118.65861511230469 -5.000161170959473
-236.12416076660156 121.15861511230469 -5.000161170959473
-246.7940216064453 127.3188705444336 -5.000161647796631
-248.95909118652344 126.0688705444336 -5.000161647796631
-232.70909118652344 136.89419555664062 -5.000162601470947
-234.87416076660156 138.14419555664062 -5.000162601470947
-245.5440216064453 131.9839324951172 -5.000162124633789
-245.5440216064453 129.4839324951172 -5.000162124633789
-234.87416076660156 123.32367706298828 -5.000161647796631
-232.70909118652344 124.57367706298828 -5.000161647796631
-230.20909118652344 124.57366943359375 -5.000161647796631
-228.0440216064453 123.32367706298828 -5.000161647796631
-217.37416076660156 129.4839324951172 -5.000162124633789
-217.37416076660156 131.9839324951172 -5.000162124633789
-228.0440216064453 138.14419555664062 -5.000162601470947
-230.20909118652344 136.89419555664062 -5.000162601470947
-232.70909118652344 93.59292602539062 -5.00015926361084
-234.87416076660156 94.84292602539062 -5.00015926361084
-245.5440216064453 88.68266296386719 -5.000158786773682
-245.5440216064453 86.18266296386719 -5.000158786773682
-234.87416076660156 80.02239990234375 -5.000158309936523
-232.70909118652344 81.27239990234375 -5.000158309936523
-248.95909118652344 70.44708251953125 -5.000157356262207
-246.7940216064453 69.19708251953125 -5.000157356262207
-236.12416076660156 75.35734558105469 -5.000157833099365
-236.12416076660156 77.85734558105469 -5.000157833099365
-246.7940216064453 84.01760864257812 -5.000158309936523
-248.95909118652344 82.76759338378906 -5.000158309936523
-251.45909118652344 82.76760864257812 -5.000158309936523
-253.62416076660156 84.01760864257812 -5.000158309936523
-264.29400634765625 77.85734558105469 -5.000157833099365
-264.29400634765625 75.35734558105469 -5.000157833099365
-253.62416076660156 69.19708251953125 -5.000157356262207
-251.45909118652344 70.44708251953125 -5.000157356262207
-267.7090759277344 81.27239990234375 -5.000158309936523
-265.54400634765625 80.02239990234375 -5.000158309936523
-254.87416076660156 86.18266296386719 -5.000158786773682
-254.87416076660156 88.68266296386719 -5.000158786773682
-265.54400634765625 94.84292602539062 -5.00015926361084
-267.7090759277344 93.59292602539062 -5.00015926361084
-251.45909118652344 104.41824340820312 -5.000160217285156
-253.62416076660156 105.66824340820312 -5.000160217285156
-264.29400634765625 99.50798034667969 -5.000159740447998
-264.29400634765625 97.00798034667969 -5.00015926361084
-253.62416076660156 90.84771728515625 -5.000158786773682
-251.45909118652344 92.09771728515625 -5.00015926361084
-248.95909118652344 92.09771728515625 -5.00015926361084
-246.7940216064453 90.84771728515625 -5.000158786773682
-236.12416076660156 97.00798034667969 -5.00015926361084
-236.12416076660156 99.50798034667969 -5.000159740447998
-246.7940216064453 105.66824340820312 -5.000160217285156
-248.95909118652344 104.41824340820312 -5.000160217285156
-213.95909118652344 82.76760864257812 -5.000158309936523
-216.12416076660156 84.01760864257812 -5.000158309936523
-226.7940216064453 77.85734558105469 -5.000157833099365
-226.7940216064453 75.35734558105469 -5.000157833099365
-216.12416076660156 69.19708251953125 -5.000157356262207
-213.95909118652344 70.44708251953125 -5.000157356262207
-230.20909118652344 81.27239990234375 -5.000158309936523
-228.0440216064453 80.02239990234375 -5.000158309936523
-217.37416076660156 86.18266296386719 -5.000158786773682
-217.37416076660156 88.68266296386719 -5.000158786773682
-228.0440216064453 94.84292602539062 -5.00015926361084
-230.20909118652344 93.59292602539062 -5.00015926361084
-213.95909118652344 104.41824340820312 -5.000160217285156
-216.12416076660156 105.66824340820312 -5.000160217285156
-226.7940216064453 99.50798034667969 -5.000159740447998
-226.7940216064453 97.00798034667969 -5.00015926361084
-216.12416076660156 90.84771728515625 -5.000158786773682
-213.95909118652344 92.09771728515625 -5.00015926361084
-213.95909118652344 61.116966247558594 -5.000156879425049
-216.12416076660156 62.366966247558594 -5.000156879425049
-226.7940216064453 56.20671081542969 -5.000156402587891
-226.7940216064453 53.70671081542969 -5.000156402587891
-216.12416076660156 47.54645538330078 -5.000155925750732
-213.95909118652344 48.79645538330078 -5.000155925750732
-230.20909118652344 45.38139343261719 -5.000155448913574
-217.37416076660156 45.38139343261719 -5.000155448913574
-228.0440216064453 51.541648864746094 -5.000155925750732
-230.20909118652344 50.29164123535156 -5.000155925750732
-248.95909118652344 48.79645538330078 -5.000155925750732
-246.7940216064453 47.54645538330078 -5.000155925750732
-236.12416076660156 53.70671081542969 -5.000156402587891
-236.12416076660156 56.20671081542969 -5.000156402587891
-246.7940216064453 62.366966247558594 -5.000156879425049
-248.95909118652344 61.116966247558594 -5.000156879425049
-232.70909118652344 71.94229125976562 -5.000157356262207
-234.87416076660156 73.19229125976562 -5.000157833099365
-245.5440216064453 67.03202819824219 -5.000157356262207
-245.5440216064453 64.53202819824219 -5.000156879425049
-234.87416076660156 58.37177276611328 -5.000156402587891
-232.70909118652344 59.62177276611328 -5.000156402587891
-230.20909118652344 59.62176513671875 -5.000156402587891
-228.0440216064453 58.37177276611328 -5.000156402587891
-217.37416076660156 64.53202819824219 -5.000156879425049
-217.37416076660156 67.03202819824219 -5.000157356262207
-228.0440216064453 73.19229125976562 -5.000157833099365
-230.20909118652344 71.94229125976562 -5.000157356262207
-245.5440216064453 45.38139343261719 -5.000155448913574
-234.87416076660156 51.541648864746094 -5.000155925750732
-232.70909118652344 50.291648864746094 -5.000155925750732
-232.70909118652344 45.38139343261719 -5.000155448913574
-251.45909118652344 61.116966247558594 -5.000156879425049
-253.62416076660156 62.366966247558594 -5.000156879425049
-264.29400634765625 56.20671081542969 -5.000156402587891
-264.29400634765625 53.70671081542969 -5.000156402587891
-253.62416076660156 47.54645538330078 -5.000155925750732
-251.45909118652344 48.79645538330078 -5.000155925750732
-267.7090759277344 45.38139343261719 -5.000155448913574
-254.87416076660156 45.38139343261719 -5.000155448913574
-265.54400634765625 51.541648864746094 -5.000155925750732
-267.7090759277344 50.29164123535156 -5.000155925750732
-286.4590759277344 48.79645538330078 -5.000155925750732
-284.29400634765625 47.54645538330078 -5.000155925750732
-273.6241455078125 53.70671081542969 -5.000156402587891
-273.6241455078125 56.20671081542969 -5.000156402587891
-284.29400634765625 62.366966247558594 -5.000156879425049
-286.4590759277344 61.116966247558594 -5.000156879425049
-270.2090759277344 71.94229125976562 -5.000157356262207
-272.3741455078125 73.19229125976562 -5.000157833099365
-283.04400634765625 67.03202819824219 -5.000157356262207
-283.04400634765625 64.53202819824219 -5.000156879425049
-272.3741455078125 58.37177276611328 -5.000156402587891
-270.2090759277344 59.62177276611328 -5.000156402587891
-267.7090759277344 59.62176513671875 -5.000156402587891
-265.54400634765625 58.37177276611328 -5.000156402587891
-254.87416076660156 64.53202819824219 -5.000156879425049
-254.87416076660156 67.03202819824219 -5.000157356262207
-265.54400634765625 73.19229125976562 -5.000157833099365
-267.7090759277344 71.94229125976562 -5.000157356262207
-283.04400634765625 45.38139343261719 -5.000155448913574
-272.3741455078125 51.541648864746094 -5.000155925750732
-270.2090759277344 50.291648864746094 -5.000155925750732
-270.2090759277344 45.38139343261719 -5.000155448913574
-232.70907592773438 172.7852020263672 -5.000164985656738
-245.54400634765625 172.7852020263672 -5.000164985656738
-234.8741455078125 166.62493896484375 -5.00016450881958
-232.70907592773438 167.87493896484375 -5.000164985656738
-270.2090759277344 172.7852020263672 -5.000164985656738
-283.04400634765625 172.7852020263672 -5.000164985656738
-272.3741455078125 166.62493896484375 -5.00016450881958
-270.2090759277344 167.87493896484375 -5.000164985656738
-230.20907592773438 167.87493896484375 -5.000164985656738
-230.20907592773438 172.7852020263672 -5.000164985656738
-228.04400634765625 166.62493896484375 -5.00016450881958
-217.3741455078125 172.7852020263672 -5.000164985656738
-267.7090759277344 167.87493896484375 -5.000164985656738
-267.7090759277344 172.7852020263672 -5.000164985656738
-265.54400634765625 166.62493896484375 -5.00016450881958
-254.8741455078125 172.7852020263672 -5.000164985656738
-305.2090759277344 167.87493896484375 -5.000164985656738
-303.04400634765625 166.62493896484375 -5.00016450881958
-292.3741455078125 172.7852020263672 -5.000164985656738
-305.2090759277344 172.7852020263672 -5.000164985656738
