0.0 7.549790836947068e-08 1.0
-1.1122217682707925e-14 7.549790836947068e-08 1.0
-5.561106300255121e-15 7.549790126404332e-08 1.0
-2.460652734630371e-15 7.549789415861596e-08 1.0
8.857617817620495e-16 7.549789415861596e-08 1.0
0.0 7.549786573690653e-08 1.0
-7.247975379327375e-15 7.549790836947068e-08 1.0
6.918513867679816e-15 7.54978870531886e-08 1.0
-1.476391810184812e-14 7.549790836947068e-08 1.0
-1.8454859510827525e-15 7.549790126404332e-08 1.0
0.0 7.54979225803254e-08 1.0
-1.4763913019650438e-14 7.54979225803254e-08 1.0
-4.613719684618857e-14 7.549793679118011e-08 1.0
2.813985328797451e-15 7.549790126404332e-08 1.0
-0.0 7.549789415861596e-08 1.0
0.0 7.549790126404332e-08 1.0
-1.2785927610452826e-14 7.549790126404332e-08 1.0
0.0 7.549785863147918e-08 1.0
-0.0 7.549790836947068e-08 1.0
2.983383871435312e-14 7.54978870531886e-08 1.0
-0.0 7.549787284233389e-08 1.0
0.0 7.549790836947068e-08 1.0
2.983383532622133e-14 7.549787994776125e-08 1.0
-4.920896352347218e-15 7.54978870531886e-08 1.0
-0.0 7.549790126404332e-08 1.0
-1.0766365800797474e-15 7.549790836947068e-08 1.0
3.3349133865675715e-14 7.54979225803254e-08 1.0
7.667080717123462e-16 7.54978870531886e-08 1.0
-4.920892964215429e-15 7.54978870531886e-08 1.0
-0.0 7.549791547489804e-08 1.0
-1.515823904384931e-15 7.549791547489804e-08 1.0
-6.918510903064501e-15 7.54978870531886e-08 1.0
0.0 7.549790126404332e-08 1.0
-3.69097486678082e-15 7.549790836947068e-08 1.0
-7.38194973356164e-15 7.549790126404332e-08 1.0
-0.0 7.54979225803254e-08 1.0
-7.381959897957008e-15 7.549790126404332e-08 1.0
7.38196243905585e-15 7.54978870531886e-08 1.0
8.876556309650799e-15 7.549791547489804e-08 1.0
9.154665178321645e-15 7.54979225803254e-08 1.0
3.334921179270686e-14 7.549782310434239e-08 1.0
4.547476625945887e-14 7.54978870531886e-08 1.0
1.3642419374629115e-14 7.549790126404332e-08 1.0
-0.0 7.549789415861596e-08 1.0
9.98692925910762e-15 7.549789415861596e-08 1.0
-1.1823430689367198e-13 7.549792968575275e-08 1.0
4.2209777814379394e-15 7.549789415861596e-08 1.0
