-32.72113800048828 20.334938049316406 -1.5352451327999006e-06
-33.97113800048828 18.169872283935547 -1.3717872207053006e-06
-27.81088638305664 7.500000953674316 -5.662343482981669e-07
-25.31088638305664 7.500000953674316 -5.662343482981669e-07
-19.150634765625 18.16987419128418 -1.3717873343921383e-06
-20.400634765625 20.334938049316406 -1.5352451327999006e-06
-20.400634765625 22.834938049316406 -1.7239899534615688e-06
-19.150634765625 25.000001907348633 -1.8874476381824934e-06
-25.31088638305664 35.66987609863281 -2.6930008516501402e-06
-27.81088638305664 35.66987609863281 -2.6930008516501402e-06
-33.97113800048828 25.0 -1.8874475244956557e-06
-32.72113800048828 22.834938049316406 -1.7239899534615688e-06
-21.895824432373047 39.084938049316406 -2.9508307761716424e-06
-23.145824432373047 36.91987609863281 -2.7873732051375555e-06
-16.98556900024414 26.25 -1.981819877983071e-06
-14.485568046569824 26.25 -1.981819877983071e-06
-8.325315475463867 36.91987609863281 -2.7873732051375555e-06
-9.575315475463867 39.084938049316406 -2.9508307761716424e-06
-4.910252094268799 22.834936141967773 -1.7239897260878934e-06
-4.910253047943115 35.66987228393555 -2.6930003969027894e-06
-6.160252094268799 35.66987228393555 -2.6930003969027894e-06
-12.32050609588623 25.0 -1.8874475244956557e-06
-11.070505142211914 22.83493423461914 -1.7239896124010556e-06
-9.575316429138184 4.084935188293457 -3.0840402587273275e-07
-8.325315475463867 6.249993801116943 -4.7186142637656303e-07
-14.485569953918457 16.919870376586914 -1.2774147535310476e-06
-16.98556900024414 16.91986846923828 -1.2774145261573722e-06
-23.14582061767578 6.249998092651367 -4.7186173901536677e-07
-21.895824432373047 4.084936141967773 -3.0840411113786104e-07
-4.910252094268799 20.33493423461914 -1.5352449054262252e-06
-11.07050609588623 20.33493423461914 -1.5352449054262252e-06
-1.8301270008087158 10.669868469238281 -8.055527018768771e-07
-12.32050609588623 18.169870376586914 -1.3717871070184628e-06
-6.160252094268799 7.499998092651367 -5.662341209244914e-07
-4.910253047943115 16.00480079650879 -1.2083288538633497e-06
-9.999999974752427e-07 7.499996185302734 -5.662339503942349e-07
-3.6602530479431152 7.499998092651367 -5.662341209244914e-07
