4.488494926619844e-15 7.549792968575275e-08 1.0
-5.984650302453057e-15 7.549789415861596e-08 1.0
6.379802014368913e-14 7.549795100203482e-08 1.0
1.4969386271995386e-14 -7.549790836947068e-08 -1.0
1.3891793497597307e-14 -7.549790126404332e-08 -1.0
0.0 7.54978870531886e-08 1.0
-1.125595486771696e-14 7.549790836947068e-08 1.0
0.0 7.549795810746218e-08 1.0
0.0 7.549795810746218e-08 1.0
0.0 7.54978870531886e-08 1.0
8.441957256941773e-15 7.549791547489804e-08 1.0
2.3152922247059345e-14 -7.54979225803254e-08 -1.0
0.0 7.549787994776125e-08 1.0
0.0 7.54978870531886e-08 1.0
-0.0 7.549786573690653e-08 1.0
0.0 7.549787994776125e-08 1.0
0.0 7.549795100203482e-08 1.0
0.0 7.54978870531886e-08 1.0
1.1969352273915896e-14 7.549786573690653e-08 1.0
-1.0473137182259902e-14 7.549793679118011e-08 1.0
-9.302420758607738e-14 7.549791547489804e-08 1.0
9.12416572417668e-14 -7.549790836947068e-08 -1.0
-4.353478721860456e-15 7.549795100203482e-08 1.0
1.1297773731355851e-14 7.549787994776125e-08 1.0
-4.141301627254464e-15 7.549787284233389e-08 1.0
4.1204650402684815e-15 7.549809311058198e-08 1.0
2.0706580981105782e-14 7.549791547489804e-08 1.0
4.5499265840425254e-14 7.549790126404332e-08 1.0
0.0 7.549790126404332e-08 1.0
-0.0 7.549791547489804e-08 1.0
0.0 7.549791547489804e-08 1.0
6.082790250227371e-14 7.549778047177824e-08 1.0
1.5207041694138314e-14 -7.549795810746218e-08 -1.0
1.4494588729675566e-14 -7.549790126404332e-08 -1.0
-0.0 7.54978870531886e-08 1.0
-1.92198869632934e-15 7.549787994776125e-08 1.0
0.0 7.549787284233389e-08 1.0
7.730677941330741e-14 7.549780889348767e-08 1.0
-1.182339951855474e-13 7.549787994776125e-08 1.0
-1.3315914431483947e-14 7.549790836947068e-08 1.0
-0.0 7.549791547489804e-08 1.0
-1.5375929899425454e-14 7.549790836947068e-08 1.0
1.1984315449742322e-13 7.549790836947068e-08 1.0
1.818989362888275e-14 7.549787994776125e-08 1.0
-1.1969343803586423e-14 7.549792968575275e-08 1.0
-2.3938660502118535e-14 7.549790836947068e-08 1.0
-0.0 7.54978870531886e-08 1.0
1.1531919895998305e-14 7.549790836947068e-08 1.0
0.0 7.54979225803254e-08 1.0
-5.911743804990627e-14 7.549797942374425e-08 1.0
-1.182336834774228e-13 7.54978870531886e-08 1.0
1.1318522481025203e-13 7.549795100203482e-08 1.0
-0.0 7.549787994776125e-08 1.0
9.094918862354116e-15 7.549787284233389e-08 1.0
-1.1823430689367198e-13 7.549787994776125e-08 1.0
-1.4069935114316727e-15 7.549787284233389e-08 1.0
-1.863587172220519e-14 -7.549791547489804e-08 -1.0
-1.0535750874160477e-13 7.549790836947068e-08 1.0
0.0 7.549787994776125e-08 1.0
-2.9833818385562386e-14 7.549789415861596e-08 1.0
4.261974599601521e-15 7.549790836947068e-08 1.0
6.509808612168355e-15 7.549791547489804e-08 1.0
2.019339827730865e-13 7.549786573690653e-08 1.0
2.557179762266524e-14 7.549790126404332e-08 1.0
-1.4916912580912982e-14 7.549790126404332e-08 1.0
-8.679743969191526e-15 7.549790126404332e-08 1.0
0.0 7.54978870531886e-08 1.0
-0.0 7.54978373151971e-08 1.0
0.0 7.549796521288954e-08 1.0
-9.124185375341057e-14 7.549804337259047e-08 1.0
-1.900890333811009e-14 -7.549784442062446e-08 -1.0
-3.862939072215915e-15 7.549795810746218e-08 1.0
-0.0 7.549795100203482e-08 1.0
7.68792090399947e-15 7.549785863147918e-08 1.0
-1.5987899345355425e-14 7.549787994776125e-08 1.0
2.7210939783291503e-15 7.549792968575275e-08 1.0
1.6326583775249162e-14 7.549789415861596e-08 1.0
9.525025760530673e-14 7.549787284233389e-08 1.0
8.926657969667712e-14 7.549785863147918e-08 1.0
0.0 7.549787994776125e-08 1.0
-8.12652896364785e-15 7.549787284233389e-08 1.0
6.626102254771518e-14 7.549786573690653e-08 1.0
2.6255043197040764e-14 7.549793679118011e-08 1.0
-0.0 7.549785863147918e-08 1.0
-0.0 7.549789415861596e-08 1.0
1.1836743336792604e-13 7.549789415861596e-08 1.0
-6.778668473978247e-14 7.549785863147918e-08 1.0
2.1917068989763325e-14 7.54978870531886e-08 1.0
-7.381961592022902e-15 7.54978870531886e-08 1.0
