1 3 0
5 7 4
8 6 5
2 11 1
13 4 12
15 17 14
18 6 20
21 23 24
25 27 28
24 30 21
29 23 34
20 0 38
18 11 39
19 39 40
20 15 14
16 8 17
13 19 40
28 45 25
47 31 46
49 35 48
50 36 49
47 33 51
33 52 34
30 55 21
46 31 23
37 50 54
35 26 48
48 57 59
56 44 43
1 2 3
5 6 7
8 9 6
2 10 11
13 7 4
15 16 17
20 3 18
3 2 18
2 10 18
18 19 13
13 7 18
7 6 18
6 9 20
9 16 20
16 15 20
21 22 23
25 26 27
24 29 30
23 31 34
31 32 34
32 33 34
34 28 27
27 35 34
35 36 34
36 37 29
29 24 23
36 29 34
20 3 0
18 10 11
19 18 39
14 41 42
42 38 14
38 20 14
16 9 8
40 43 44
44 12 40
12 13 40
28 34 45
47 32 31
49 36 35
50 37 36
47 32 33
51 52 33
52 45 34
56 53 22
56 22 55
22 21 55
54 55 30
23 22 46
22 53 46
30 29 54
29 37 54
27 26 35
26 57 48
57 58 59
59 60 49
60 54 50
50 49 60
49 48 59
56 55 44
