44.216331481933594 30.915063858032227 -2.3340223833656637e-06
50.20911407470703 34.375 -2.5952404030249454e-06
49.46152114868164 35.66987609863281 -2.6930008516501402e-06
46.96152114868164 35.66987609863281 -2.6930008516501402e-06
52.20671463012695 49.75481414794922 -3.756384103326127e-06
46.213924407958984 46.29487609863281 -3.4951660836668452e-06
46.96152114868164 45.0 -3.3974056350416504e-06
49.46152114868164 45.0 -3.3974056350416504e-06
44.04886245727539 45.04487609863281 -3.4007935028057545e-06
44.79645919799805 43.75 -3.303033281554235e-06
51.626583099365234 36.91987228393555 -2.78737297776388e-06
52.374176025390625 35.625 -2.6896127565123606e-06
56.536834716796875 52.25481414794922 -3.945128810300957e-06
51.626583099365234 43.750003814697266 -3.3030335089279106e-06
33.725948333740234 39.084938049316406 -2.9508307761716424e-06
43.54645538330078 39.084938049316406 -2.9508307761716424e-06
43.54645538330078 41.584938049316406 -3.139575483146473e-06
38.05607604980469 41.584938049316406 -3.139575483146473e-06
52.87657928466797 39.084938049316406 -2.9508307761716424e-06
52.876583099365234 41.584938049316406 -3.139575483146473e-06
44.79645538330078 36.91987609863281 -2.7873732051375555e-06
74.52721405029297 57.83494186401367 -4.366416760603897e-06
74.52721405029297 50.915069580078125 -3.843980721285334e-06
77.27239990234375 55.66987609863281 -4.2029587348224595e-06
76.02239990234375 57.83494186401367 -4.366416760603897e-06
86.84771728515625 60.33494186401367 -4.555161467578728e-06
86.84771728515625 67.25482177734375 -5.077597961644642e-06
84.10253143310547 62.50000762939453 -4.7186194933601655e-06
85.35253143310547 60.33494186401367 -4.555161467578728e-06
76.02239990234375 60.33494186401367 -4.555161467578728e-06
74.52721405029297 60.33494186401367 -4.555161467578728e-06
79.43746948242188 54.41987609863281 -4.108586381335044e-06
81.93746948242188 54.41987609863281 -4.108586381335044e-06
84.10252380371094 55.66987609863281 -4.2029587348224595e-06
85.35252380371094 57.83494186401367 -4.366416760603897e-06
81.93746948242188 63.750003814697266 -4.81299139210023e-06
79.43746948242188 63.750003814697266 -4.81299139210023e-06
77.27239990234375 62.500003814697266 -4.718619038612815e-06
39.88620376586914 28.415063858032227 -2.1452776763908332e-06
58.36696243286133 39.084938049316406 -2.9508307761716424e-06
62.69709014892578 41.584938049316406 -3.139575483146473e-06
29.975948333740234 36.91987228393555 -2.78737297776388e-06
36.13620376586914 26.25 -1.981819877983071e-06
66.44709777832031 43.750003814697266 -3.3030335089279106e-06
60.286834716796875 54.41987609863281 -4.108586381335044e-06
86.84771728515625 57.83494186401367 -4.366416760603897e-06
76.69227600097656 49.665069580078125 -3.749608595171594e-06
82.68505859375 53.12500762939453 -4.010826614830876e-06
84.68266296386719 68.50482177734375 -5.171970315132057e-06
78.68987274169922 65.04487609863281 -4.910751613351749e-06
76.52481079101562 63.79487991333008 -4.816379714611685e-06
84.85012817382812 54.375003814697266 -4.10519851357094e-06
86.84771728515625 55.528316497802734 -4.192271262581926e-06
74.5272216796875 48.41506576538086 -3.655235786936828e-06
74.52721405029297 62.641563415527344 -4.729306510853348e-06
62.45189666748047 55.66987609863281 -4.2029587348224595e-06
68.61215209960938 45.000003814697266 -3.397405862415326e-06
86.84771728515625 69.75481414794922 -5.266342213872122e-06
86.84771728515625 76.58494567871094 -5.782002517662477e-06
80.68746948242188 76.58494567871094 -5.782002517662477e-06
74.52721405029297 76.58494567871094 -5.782002517662477e-06
