0.0 7.706915283733906e-08 1.0
-1.875285002153962e-13 7.603905771702557e-08 1.0
0.0 7.706915283733906e-08 1.0
-0.0 7.706915283733906e-08 1.0
0.0 7.603899376817935e-08 1.0
0.0 7.706915283733906e-08 1.0
-6.554423670479537e-11 7.667055967885972e-08 1.0
0.0 7.706915283733906e-08 1.0
0.0 7.706915283733906e-08 1.0
-0.0 7.603899376817935e-08 1.0
0.0 7.603899376817935e-08 1.0
-1.9006846064487798e-13 7.70689609908004e-08 1.0
0.0 7.706915283733906e-08 1.0
0.0 7.603899376817935e-08 1.0
0.0 7.706915283733906e-08 1.0
0.0 7.706915283733906e-08 1.0
3.985931307237678e-10 7.667055967885972e-08 1.0
