-2.5801794478752527e-08 2.6493137283978285e-07 1.0
-8.938007312053742e-08 1.548112606997165e-07 1.0
0.0 0.0 1.0
1.340701629715113e-07 7.740577245840541e-08 1.0
1.340701629715113e-07 -7.740577245840541e-08 -1.0
0.0 1.5481083437407506e-07 1.0
-2.5801794478752527e-08 2.6493137283978285e-07 1.0
-8.938007312053742e-08 1.548112606997165e-07 1.0
0.0 0.0 1.0
1.340701629715113e-07 7.740577245840541e-08 1.0
1.340701487606566e-07 -7.740577956383277e-08 -1.0
0.0 1.5481083437407506e-07 1.0
-2.5801794478752527e-08 2.6493137283978285e-07 1.0
-8.938007312053742e-08 1.548112606997165e-07 1.0
0.0 0.0 1.0
1.340701629715113e-07 7.740577245840541e-08 1.0
1.340701629715113e-07 -7.740577245840541e-08 -1.0
0.0 1.5481083437407506e-07 1.0
-2.5801794478752527e-08 2.6493137283978285e-07 1.0
-8.938007312053742e-08 1.548112606997165e-07 1.0
0.0 0.0 1.0
1.340701629715113e-07 7.740577245840541e-08 1.0
1.340701629715113e-07 -7.740577245840541e-08 -1.0
0.0 1.5481083437407506e-07 1.0
0.0 -0.0 1.0
0.0 0.0 1.0
0.0 0.0 1.0
0.0 0.0 1.0
-0.0 0.0 1.0
0.0 0.0 1.0
-0.0 0.0 1.0
-0.0 0.0 1.0
-0.0 0.0 1.0
-0.0 0.0 -1.0
0.0 0.0 -1.0
0.0 0.0 -1.0
0.0 -0.0 1.0
-5.9013611775071695e-08 2.2024210011295509e-07 1.0
0.0 0.0 1.0
-0.0 0.0 1.0
0.0 0.0 1.0
-0.0 0.0 1.0
0.0 0.0 1.0
-0.0 0.0 1.0
-0.0 0.0 1.0
-0.0 0.0 1.0
-0.0 0.0 -1.0
0.0 0.0 -1.0
0.0 0.0 -1.0
0.0 -0.0 1.0
-5.901361888049905e-08 2.2024210011295509e-07 1.0
0.0 0.0 1.0
-0.0 0.0 1.0
3.5110323892695305e-07 9.17748593565193e-07 1.0
-0.0 0.0 1.0
-8.937994522284498e-08 1.5481104753689579e-07 1.0
-0.0 0.0 1.0
0.0 1.5481064963296376e-07 1.0
-0.0 0.0 1.0
3.814716933447926e-07 -6.607266413993784e-07 -1.0
-2.47399299269091e-07 -7.381284490293183e-07 -1.0
0.0 0.0 -1.0
0.0 -0.0 1.0
0.0 0.0 1.0
0.0 -0.0 1.0
-0.0 0.0 1.0
3.51102642071055e-07 9.177496167467325e-07 1.0
0.0 -0.0 1.0
-8.93799594336997e-08 1.548110617477505e-07 1.0
-0.0 0.0 1.0
0.0 1.5481064963296376e-07 1.0
0.0 -0.0 1.0
2.473993276908004e-07 -7.381283921858994e-07 -1.0
-2.4739935611250985e-07 -7.381284490293183e-07 -1.0
0.0 0.0 -1.0
0.0 -0.0 1.0
0.0 0.0 1.0
0.0 0.0 1.0
-0.0 0.0 1.0
0.0 0.0 1.0
-0.0 0.0 1.0
0.0 0.0 -1.0
0.0 -0.0 1.0
0.0 0.0 1.0
0.0 0.0 1.0
-0.0 0.0 1.0
3.511032957703719e-07 9.177484230349364e-07 1.0
-0.0 0.0 1.0
-8.93799594336997e-08 1.548110617477505e-07 1.0
-0.0 0.0 1.0
0.0 1.5481064963296376e-07 1.0
-0.0 0.0 1.0
3.814716933447926e-07 -6.607266413993784e-07 -1.0
-2.4740180037952086e-07 -7.38132655442314e-07 -1.0
0.0 0.0 -1.0
0.0 -0.0 1.0
0.0 0.0 1.0
0.0 0.0 1.0
0.0 0.0 1.0
-0.0 0.0 1.0
-0.0 0.0 1.0
-0.0 0.0 -1.0
0.0 0.0 -1.0
0.0 0.0 1.0
-0.0 0.0 1.0
0.0 0.0 1.0
-0.0 0.0 1.0
0.0 0.0 1.0
-0.0 0.0 1.0
-0.0 0.0 1.0
-0.0 0.0 1.0
-0.0 0.0 -1.0
0.0 0.0 -1.0
0.0 0.0 -1.0
0.0 -0.0 1.0
-5.901361888049905e-08 2.2024210011295509e-07 1.0
0.0 0.0 1.0
5.726579388465325e-08 1.4968745176702214e-07 1.0
3.51102642071055e-07 9.177496167467325e-07 1.0
-0.0 0.0 1.0
-8.938007312053742e-08 1.548112606997165e-07 1.0
-0.0 0.0 1.0
0.0 1.5481064963296376e-07 1.0
0.0 -0.0 1.0
2.473993276908004e-07 -7.381283921858994e-07 -1.0
-2.4740083404140023e-07 -7.381328259725706e-07 -1.0
0.0 0.0 -1.0
0.0 -0.0 1.0
0.0 0.0 1.0
0.0 0.0 1.0
-0.0 0.0 1.0
0.0 0.0 1.0
-0.0 0.0 1.0
0.0 0.0 1.0
-8.937994522284498e-08 1.5481104753689579e-07 1.0
-0.0 1.5481064963296376e-07 1.0
0.0 -0.0 1.0
-0.0 0.0 -1.0
0.0 0.0 -1.0
0.0 0.0 -1.0
0.0 1.5481083437407506e-07 1.0
0.0 0.0 1.0
0.0 0.0 1.0
5.726572993580703e-08 1.4968728123676556e-07 1.0
0.0 0.0 1.0
-0.0 0.0 1.0
0.0 0.0 1.0
-8.93799594336997e-08 1.548110617477505e-07 1.0
0.0 1.5481064963296376e-07 1.0
-0.0 0.0 1.0
-0.0 0.0 -1.0
0.0 0.0 -1.0
0.0 0.0 -1.0
0.0 1.5481083437407506e-07 1.0
0.0 0.0 1.0
-1.0100011138547416e-07 1.2443716457255505e-07 1.0
0.0 -0.0 1.0
5.7265747699375424e-08 1.4968728123676556e-07 1.0
0.0 0.0 1.0
0.0 0.0 1.0
-0.0 0.0 1.0
0.0 -0.0 1.0
0.0 -0.0 -1.0
0.0 -0.0 -1.0
0.0 0.0 -1.0
0.0 -0.0 1.0
-5.901283017806236e-08 2.2024185852842493e-07 1.0
-1.0100009717461944e-07 1.244372072051192e-07 1.0
0.0 -0.0 1.0
-0.0 0.0 1.0
0.0 0.0 1.0
0.0 0.0 1.0
-0.0 0.0 1.0
0.0 -0.0 1.0
0.0 -0.0 -1.0
0.0 -0.0 -1.0
0.0 0.0 -1.0
0.0 -0.0 1.0
-5.9012897679622256e-08 2.2024208590210037e-07 1.0
0.0 0.0 1.0
-0.0 0.0 1.0
-8.937985285228933e-08 1.548108770066392e-07 1.0
0.0 1.5481064963296376e-07 1.0
-0.0 0.0 -1.0
0.0 0.0 -1.0
0.0 0.0 1.0
-0.0 0.0 1.0
0.0 0.0 1.0
0.0 -0.0 1.0
0.0 0.0 1.0
-8.937985285228933e-08 1.548108770066392e-07 1.0
-0.0 1.5481064963296376e-07 1.0
-0.0 0.0 1.0
-0.0 0.0 -1.0
0.0 0.0 -1.0
0.0 0.0 -1.0
0.0 1.5481083437407506e-07 1.0
0.0 0.0 1.0
-7.430281812048634e-08 1.2869661247805197e-07 1.0
0.0 -0.0 1.0
-0.0 0.0 1.0
0.0 0.0 1.0
0.0 -0.0 1.0
-0.0 0.0 1.0
0.0 -0.0 1.0
-0.0 0.0 -1.0
0.0 -0.0 -1.0
0.0 0.0 -1.0
0.0 -0.0 1.0
-5.9012783992784534e-08 2.2024204326953623e-07 1.0
0.0 0.0 1.0
0.0 -0.0 1.0
0.0 0.0 1.0
-0.0 0.0 1.0
0.0 0.0 -1.0
0.0 1.5481074910894677e-07 1.0
0.0 0.0 1.0
-8.93799594336997e-08 1.548110617477505e-07 1.0
0.0 -0.0 1.0
-0.0 0.0 1.0
0.0 0.0 1.0
0.0 0.0 1.0
-0.0 0.0 1.0
0.0 -0.0 1.0
0.0 -0.0 -1.0
0.0 -0.0 -1.0
0.0 0.0 -1.0
0.0 -0.0 1.0
-5.9012840836203395e-08 2.2024190116098907e-07 1.0
-0.0 0.0 1.0
0.0 1.5481064963296376e-07 1.0
0.0 0.0 1.0
-0.0 0.0 1.0
0.0 0.0 1.0
0.0 0.0 1.0
-0.0 0.0 1.0
0.0 0.0 1.0
-0.0 0.0 1.0
0.0 1.5481083437407506e-07 1.0
0.0 0.0 1.0
-0.0 0.0 1.0
0.0 0.0 1.0
0.0 -0.0 1.0
0.0 -0.0 1.0
0.0 -0.0 1.0
0.0 -0.0 1.0
-5.901361888049905e-08 2.2024210011295509e-07 1.0
-5.901360466964434e-08 2.2024205748039094e-07 1.0
0.0 0.0 1.0
0.0 0.0 1.0
-1.6122776003157924e-07 1.612284847851697e-07 1.0
0.0 0.0 1.0
0.0 -0.0 1.0
0.0 -0.0 1.0
-5.901361888049905e-08 2.2024210011295509e-07 1.0
0.0 0.0 1.0
-5.901362243321273e-08 2.2024210011295509e-07 1.0
0.0 -0.0 1.0
-5.901350519366133e-08 2.2024204326953623e-07 1.0
0.0 0.0 1.0
0.0 0.0 1.0
0.0 0.0 1.0
0.0 -0.0 1.0
0.0 0.0 1.0
-4.404823528147972e-07 1.1802712407416038e-07 1.0
0.0 0.0 1.0
0.0 -0.0 1.0
-5.901361888049905e-08 2.2024210011295509e-07 1.0
0.0 -0.0 1.0
0.0 0.0 1.0
4.404823528147972e-07 1.1802712407416038e-07 1.0
0.0 0.0 1.0
0.0 -0.0 1.0
-5.9013611775071695e-08 2.2024210011295509e-07 1.0
8.809640803519869e-07 0.0 1.0
0.0 0.0 1.0
8.937983153600726e-08 1.5481084858492977e-07 1.0
-7.430314497014479e-08 1.2869648458035954e-07 1.0
-1.4860607677746884e-07 0.0 1.0
5.92260249732135e-08 1.5481083437407506e-07 1.0
7.430294601817877e-08 1.2869683985172742e-07 1.0
1.787604020364597e-07 -0.0 1.0
1.3407031929091318e-07 7.740531771105452e-08 1.0
1.3407031929091318e-07 -7.740531771105452e-08 -1.0
-0.0 1.5481083437407506e-07 1.0
8.809645350993378e-07 0.0 1.0
0.0 0.0 1.0
8.937983153600726e-08 1.5481084858492977e-07 1.0
-7.430314497014479e-08 1.2869648458035954e-07 1.0
-1.4860607677746884e-07 0.0 1.0
5.92260249732135e-08 1.5481083437407506e-07 1.0
7.430294601817877e-08 1.2869683985172742e-07 1.0
1.787604020364597e-07 -0.0 1.0
1.3407031929091318e-07 7.740531771105452e-08 1.0
1.3407031929091318e-07 -7.740531771105452e-08 -1.0
-0.0 1.5481083437407506e-07 1.0
8.809640803519869e-07 0.0 1.0
0.0 0.0 1.0
8.937983153600726e-08 1.5481084858492977e-07 1.0
-7.430314497014479e-08 1.2869648458035954e-07 1.0
-1.4860607677746884e-07 0.0 1.0
5.92260249732135e-08 1.5481083437407506e-07 1.0
7.430294601817877e-08 1.2869683985172742e-07 1.0
1.787604020364597e-07 -0.0 1.0
1.3407031929091318e-07 7.740531771105452e-08 1.0
1.3407031929091318e-07 -7.740531771105452e-08 -1.0
-0.0 1.5481083437407506e-07 1.0
8.809640803519869e-07 0.0 1.0
0.0 0.0 1.0
8.937983153600726e-08 1.5481084858492977e-07 1.0
-7.430314497014479e-08 1.2869648458035954e-07 1.0
-1.4860607677746884e-07 0.0 1.0
5.92260249732135e-08 1.5481083437407506e-07 1.0
7.430294601817877e-08 1.2869683985172742e-07 1.0
1.787604020364597e-07 -0.0 1.0
1.3407031929091318e-07 7.740531771105452e-08 1.0
1.3407031929091318e-07 -7.740531771105452e-08 -1.0
-0.0 1.5481083437407506e-07 1.0
-0.0 0.0 1.0
5.922595036622624e-08 1.5481063542210904e-07 1.0
7.430286785847784e-08 1.2869671195403498e-07 1.0
-4.4048445602129505e-07 7.629394644936838e-07 1.0
0.0 -0.0 1.0
0.0 0.0 1.0
-0.0 0.0 1.0
-0.0 0.0 1.0
-0.0 0.0 1.0
0.0 0.0 1.0
5.922595036622624e-08 1.5481063542210904e-07 1.0
7.430286785847784e-08 1.2869671195403498e-07 1.0
-4.4048445602129505e-07 7.629394644936838e-07 1.0
-0.0 0.0 1.0
-0.0 0.0 1.0
0.0 0.0 1.0
0.0 -0.0 1.0
0.0 0.0 1.0
0.0 0.0 1.0
-0.0 0.0 1.0
0.0 0.0 1.0
0.0 -0.0 -1.0
0.0 0.0 -1.0
0.0 0.0 -1.0
-0.0 0.0 1.0
-1.3214443015385768e-06 7.629394644936838e-07 1.0
4.836834932575584e-07 2.7925597123612533e-07 1.0
1.6122805845952826e-07 2.7925597123612533e-07 1.0
-0.0 3.224566569315357e-07 1.0
-2.79255090163133e-07 4.836851417167054e-07 1.0
-1.3214440741649014e-06 7.629394644936838e-07 1.0
0.0 0.0 1.0
0.0 0.0 1.0
1.6122778845328867e-07 1.61228470574315e-07 1.0
5.922595036622624e-08 1.5481063542210904e-07 1.0
7.430286785847784e-08 1.2869671195403498e-07 1.0
-4.4048445602129505e-07 7.629394644936838e-07 1.0
0.0 0.0 1.0
0.0 0.0 1.0
0.0 0.0 1.0
-0.0 0.0 1.0
-0.0 0.0 1.0
0.0 -0.0 1.0
5.922595036622624e-08 1.5481063542210904e-07 1.0
7.430286785847784e-08 1.2869671195403498e-07 1.0
-4.4048445602129505e-07 7.629394644936838e-07 1.0
-0.0 0.0 1.0
-0.0 0.0 1.0
0.0 0.0 1.0
0.0 -0.0 1.0
0.0 0.0 1.0
0.0 0.0 1.0
-0.0 0.0 1.0
0.0 0.0 1.0
0.0 -0.0 -1.0
0.0 0.0 -1.0
0.0 0.0 -1.0
-0.0 -0.0 1.0
-1.3214443015385768e-06 7.629394644936838e-07 1.0
4.836834932575584e-07 2.7925597123612533e-07 1.0
1.6122805845952826e-07 2.7925597123612533e-07 1.0
-0.0 3.224566569315357e-07 1.0
-2.7925494805458584e-07 4.836850848732865e-07 1.0
-1.3214443015385768e-06 7.629394644936838e-07 1.0
0.0 0.0 1.0
0.0 0.0 1.0
1.6122776003157924e-07 1.612284847851697e-07 1.0
-0.0 0.0 1.0
-0.0 0.0 1.0
0.0 0.0 1.0
-8.809641371954058e-07 0.0 1.0
8.93800589096827e-08 1.548108627957845e-07 1.0
0.0 0.0 1.0
-0.0 0.0 1.0
-0.0 0.0 1.0
0.0 0.0 1.0
0.0 -0.0 1.0
0.0 0.0 1.0
0.0 0.0 1.0
-8.938008733139213e-08 1.5481063542210904e-07 1.0
-0.0 0.0 1.0
0.0 0.0 1.0
5.922595036622624e-08 1.5481063542210904e-07 1.0
7.430286785847784e-08 1.2869671195403498e-07 1.0
1.787604020364597e-07 0.0 1.0
-0.0 1.5481064963296376e-07 1.0
0.0 0.0 1.0
-1.3407007770638302e-07 -7.74057227204139e-08 -1.0
0.0 0.0 -1.0
0.0 0.0 -1.0
-0.0 0.0 1.0
0.0 0.0 1.0
-0.0 0.0 1.0
-0.0 -0.0 1.0
0.0 0.0 1.0
0.0 0.0 1.0
0.0 0.0 1.0
0.0 0.0 1.0
0.0 0.0 1.0
0.0 0.0 1.0
0.0 0.0 1.0
0.0 0.0 1.0
0.0 0.0 1.0
-8.809641371954058e-07 0.0 1.0
8.937998074998177e-08 1.5481104753689579e-07 1.0
0.0 0.0 1.0
0.0 0.0 1.0
0.0 -0.0 1.0
0.0 -0.0 1.0
0.0 -0.0 1.0
0.0 0.0 1.0
-0.0 0.0 1.0
-8.938011575310156e-08 1.5481063542210904e-07 1.0
-0.0 0.0 1.0
0.0 0.0 1.0
5.922595036622624e-08 1.5481063542210904e-07 1.0
7.430286785847784e-08 1.2869671195403498e-07 1.0
1.787604020364597e-07 0.0 1.0
-0.0 1.5481064963296376e-07 1.0
-0.0 0.0 1.0
0.0 0.0 -1.0
0.0 0.0 -1.0
0.0 0.0 -1.0
-0.0 0.0 1.0
0.0 0.0 1.0
-0.0 0.0 1.0
-0.0 -0.0 1.0
0.0 0.0 1.0
0.0 0.0 1.0
0.0 0.0 1.0
0.0 0.0 1.0
0.0 0.0 1.0
0.0 0.0 1.0
-0.0 0.0 1.0
-0.0 0.0 1.0
0.0 0.0 1.0
5.922595036622624e-08 1.5481063542210904e-07 1.0
7.430286785847784e-08 1.2869671195403498e-07 1.0
-4.4048445602129505e-07 7.629394644936838e-07 1.0
-0.0 0.0 1.0
-0.0 0.0 1.0
0.0 0.0 1.0
0.0 0.0 1.0
0.0 0.0 -1.0
0.0 0.0 1.0
0.0 0.0 1.0
1.4965212358220015e-07 2.0442942627596494e-07 1.0
0.0 0.0 1.0
0.0 -0.0 1.0
-5.585081908066059e-07 7.629394644936838e-07 1.0
-0.0 0.0 1.0
-0.0 0.0 1.0
0.0 0.0 1.0
-8.809641371954058e-07 0.0 1.0
8.93800589096827e-08 1.548108627957845e-07 1.0
0.0 0.0 1.0
-0.0 0.0 1.0
-0.0 0.0 1.0
0.0 0.0 1.0
0.0 -0.0 1.0
0.0 0.0 1.0
0.0 0.0 1.0
-8.938011575310156e-08 1.5481063542210904e-07 1.0
-0.0 0.0 1.0
0.0 0.0 1.0
5.922595036622624e-08 1.5481063542210904e-07 1.0
7.430286785847784e-08 1.2869671195403498e-07 1.0
1.787604020364597e-07 0.0 1.0
-0.0 1.5481064963296376e-07 1.0
0.0 0.0 1.0
-1.3407007770638302e-07 -7.74057227204139e-08 -1.0
0.0 0.0 -1.0
0.0 0.0 -1.0
-0.0 0.0 1.0
0.0 0.0 1.0
-0.0 0.0 1.0
-0.0 -0.0 1.0
0.0 0.0 1.0
0.0 0.0 1.0
0.0 -0.0 1.0
0.0 0.0 1.0
0.0 0.0 1.0
0.0 0.0 1.0
8.937971784916954e-08 1.5481064963296376e-07 1.0
-7.430306681044385e-08 1.286963566826671e-07 1.0
2.91875295488353e-07 7.629348033333372e-07 1.0
0.0 -0.0 1.0
0.0 0.0 1.0
-0.0 0.0 1.0
0.0 -0.0 1.0
0.0 0.0 1.0
0.0 0.0 1.0
-0.0 0.0 1.0
0.0 -0.0 -1.0
0.0 0.0 -1.0
5.922595036622624e-08 1.5481063542210904e-07 1.0
7.430286785847784e-08 1.2869671195403498e-07 1.0
-4.4048445602129505e-07 7.629394644936838e-07 1.0
0.0 -0.0 1.0
0.0 0.0 1.0
0.0 0.0 1.0
-0.0 0.0 1.0
-0.0 0.0 1.0
0.0 0.0 1.0
5.922595036622624e-08 1.5481063542210904e-07 1.0
7.430286785847784e-08 1.2869671195403498e-07 1.0
-4.4048445602129505e-07 7.629394644936838e-07 1.0
-0.0 0.0 1.0
-0.0 0.0 1.0
0.0 0.0 1.0
0.0 -0.0 1.0
0.0 0.0 1.0
0.0 0.0 1.0
-0.0 0.0 1.0
0.0 0.0 1.0
0.0 -0.0 -1.0
0.0 0.0 -1.0
0.0 0.0 -1.0
-0.0 0.0 1.0
-1.3214443015385768e-06 7.629394644936838e-07 1.0
4.836834932575584e-07 2.7925597123612533e-07 1.0
1.6122805845952826e-07 2.7925597123612533e-07 1.0
-0.0 3.224566569315357e-07 1.0
-2.7925494805458584e-07 4.836850848732865e-07 1.0
-1.3214443015385768e-06 7.629394644936838e-07 1.0
0.0 0.0 1.0
0.0 0.0 1.0
1.6122776003157924e-07 1.612284847851697e-07 1.0
0.0 0.0 1.0
0.0 0.0 1.0
0.0 0.0 1.0
-8.809641371954058e-07 0.0 1.0
1.787604020364597e-07 0.0 1.0
-0.0 0.0 1.0
0.0 0.0 1.0
0.0 -0.0 1.0
0.0 -0.0 1.0
0.0 -0.0 1.0
0.0 0.0 1.0
0.0 0.0 1.0
8.937971784916954e-08 1.5481064963296376e-07 1.0
-7.430323734070043e-08 1.2869632826095767e-07 1.0
-1.4860607677746884e-07 0.0 1.0
5.922595036622624e-08 1.5481063542210904e-07 1.0
7.430286785847784e-08 1.2869671195403498e-07 1.0
1.787604020364597e-07 0.0 1.0
-0.0 1.5481064963296376e-07 1.0
-0.0 0.0 1.0
0.0 0.0 -1.0
0.0 0.0 -1.0
-0.0 0.0 -1.0
-0.0 0.0 1.0
0.0 0.0 1.0
-0.0 0.0 1.0
-0.0 -0.0 1.0
0.0 0.0 1.0
0.0 -0.0 1.0
0.0 -0.0 1.0
0.0 0.0 1.0
0.0 0.0 1.0
0.0 0.0 1.0
0.0 0.0 1.0
0.0 -0.0 1.0
0.0 -0.0 1.0
8.937986706314405e-08 1.5481083437407506e-07 1.0
-7.430317339185422e-08 1.2869649879121425e-07 1.0
2.91877142899466e-07 7.629394076502649e-07 1.0
8.937969653288746e-08 1.5481064963296376e-07 1.0
-7.43031591809995e-08 1.286963566826671e-07 1.0
2.918775123816886e-07 7.629394644936838e-07 1.0
0.0 -0.0 1.0
0.0 0.0 1.0
0.0 0.0 1.0
5.922578338868334e-08 1.548106922655279e-07 1.0
7.430283233134105e-08 1.2869658405634254e-07 1.0
1.787601036085107e-07 5.114367588286706e-13 1.0
-8.938011575310156e-08 1.548105927895449e-07 1.0
0.0 0.0 1.0
0.0 0.0 1.0
0.0 1.5481064963296376e-07 1.0
-0.0 0.0 1.0
0.0 -0.0 -1.0
0.0 0.0 -1.0
0.0 0.0 -1.0
9.448892406352383e-13 1.5481064963296376e-07 1.0
0.0 0.0 1.0
-0.0 0.0 1.0
-0.0 -0.0 1.0
0.0 0.0 1.0
0.0 0.0 1.0
0.0 0.0 1.0
0.0 0.0 1.0
0.0 0.0 1.0
0.0 0.0 1.0
-0.0 0.0 1.0
-0.0 0.0 1.0
0.0 0.0 1.0
8.937983153600726e-08 1.5481084858492977e-07 1.0
-4.4048391600881587e-07 7.629387823726574e-07 1.0
-0.0 0.0 1.0
5.922595036622624e-08 1.5481063542210904e-07 1.0
7.430286785847784e-08 1.2869671195403498e-07 1.0
-4.4048445602129505e-07 7.629394644936838e-07 1.0
0.0 -0.0 1.0
0.0 0.0 1.0
0.0 0.0 1.0
5.922595036622624e-08 1.5481063542210904e-07 1.0
7.430286785847784e-08 1.2869671195403498e-07 1.0
1.787604020364597e-07 -0.0 1.0
-8.938011575310156e-08 1.5481063542210904e-07 1.0
0.0 0.0 1.0
0.0 0.0 1.0
-0.0 1.5481064963296376e-07 1.0
0.0 0.0 1.0
0.0 -0.0 -1.0
0.0 0.0 -1.0
0.0 0.0 -1.0
9.448892406352383e-13 1.5481064963296376e-07 1.0
0.0 0.0 1.0
-0.0 0.0 1.0
-0.0 -0.0 1.0
0.0 0.0 1.0
0.0 0.0 1.0
0.0 0.0 1.0
0.0 0.0 1.0
0.0 0.0 1.0
0.0 0.0 1.0
8.937984574686197e-08 1.548108627957845e-07 1.0
0.0 -0.0 1.0
-8.93799594336997e-08 1.548110617477505e-07 1.0
0.0 -0.0 1.0
0.0 0.0 1.0
8.937986706314405e-08 1.5481083437407506e-07 1.0
1.7876023150620313e-07 2.727664827947146e-13 1.0
-0.0 0.0 1.0
0.0 0.0 1.0
0.0 -0.0 1.0
0.0 -0.0 1.0
0.0 -0.0 1.0
0.0 0.0 1.0
-0.0 0.0 1.0
0.0 0.0 1.0
-2.473993276908004e-07 7.381284490293183e-07 1.0
0.0 0.0 -1.0
0.0 0.0 -1.0
-2.4739935611250985e-07 -7.381284490293183e-07 -1.0
-0.0 0.0 1.0
7.629366791661596e-07 4.40483660213431e-07 1.0
0.0 0.0 1.0
0.0 0.0 1.0
-0.0 0.0 1.0
0.0 -0.0 1.0
0.0 0.0 1.0
7.629190577063127e-07 1.321434410783695e-06 1.0
0.0 0.0 1.0
-2.79255090163133e-07 2.7925563017561217e-07 1.0
8.937981021972519e-08 1.5481084858492977e-07 1.0
0.0 0.0 1.0
-8.937994522284498e-08 1.5481107595860522e-07 1.0
0.0 -0.0 1.0
0.0 0.0 1.0
8.937988127399876e-08 1.5481093385005806e-07 1.0
8.938002338254591e-08 1.5481094806091278e-07 1.0
0.0 0.0 1.0
0.0 0.0 1.0
0.0 -0.0 1.0
0.0 -0.0 1.0
0.0 -0.0 1.0
0.0 0.0 1.0
-0.0 0.0 1.0
0.0 0.0 1.0
-2.4739935611250985e-07 7.381284490293183e-07 1.0
0.0 0.0 -1.0
0.0 0.0 -1.0
-2.4739935611250985e-07 -7.381284490293183e-07 -1.0
-0.0 0.0 1.0
7.629366791661596e-07 4.404836886351404e-07 1.0
0.0 0.0 1.0
0.0 0.0 1.0
-0.0 0.0 1.0
0.0 -0.0 1.0
0.0 -0.0 1.0
7.629190577063127e-07 1.321434410783695e-06 1.0
0.0 0.0 1.0
-2.792548059460387e-07 2.7925588597099704e-07 1.0
-0.0 0.0 1.0
-0.0 0.0 1.0
0.0 0.0 1.0
8.937983153600726e-08 1.5481084858492977e-07 1.0
-7.430314497014479e-08 1.2869648458035954e-07 1.0
2.918770576343377e-07 7.629394644936838e-07 1.0
-8.937993101199027e-08 1.5481063542210904e-07 1.0
0.0 0.0 1.0
0.0 0.0 1.0
-0.0 1.5481064963296376e-07 1.0
0.0 -0.0 -1.0
0.0 0.0 -1.0
-0.0 0.0 1.0
-0.0 0.0 1.0
0.0 0.0 1.0
8.937983153600726e-08 1.5481084858492977e-07 1.0
-7.430314497014479e-08 1.2869648458035954e-07 1.0
2.918770576343377e-07 7.629394644936838e-07 1.0
5.922595036622624e-08 1.5481063542210904e-07 1.0
7.430286785847784e-08 1.2869671195403498e-07 1.0
-4.4048445602129505e-07 7.629394644936838e-07 1.0
0.0 -0.0 1.0
0.0 0.0 1.0
-0.0 0.0 1.0
5.922578338868334e-08 1.548106922655279e-07 1.0
7.430281812048634e-08 1.2869661247805197e-07 1.0
1.7876008939765597e-07 5.455324776984516e-13 1.0
-8.93799594336997e-08 1.548105927895449e-07 1.0
0.0 0.0 1.0
0.0 0.0 1.0
0.0 1.5481064963296376e-07 1.0
0.0 0.0 1.0
0.0 -0.0 -1.0
0.0 0.0 -1.0
0.0 0.0 -1.0
9.448892406352383e-13 1.5481064963296376e-07 1.0
0.0 0.0 1.0
-0.0 0.0 1.0
-0.0 -0.0 1.0
0.0 0.0 1.0
0.0 0.0 1.0
0.0 0.0 1.0
0.0 0.0 1.0
0.0 0.0 1.0
0.0 0.0 1.0
8.937988127399876e-08 1.5481093385005806e-07 1.0
0.0 0.0 1.0
-1.0445718601204135e-07 1.2869661247805197e-07 1.0
0.0 -0.0 1.0
0.0 0.0 1.0
8.937988127399876e-08 1.5481093385005806e-07 1.0
8.938002338254591e-08 1.5481094806091278e-07 1.0
0.0 0.0 1.0
0.0 0.0 1.0
0.0 -0.0 1.0
0.0 -0.0 1.0
0.0 -0.0 1.0
0.0 0.0 1.0
-0.0 0.0 1.0
0.0 0.0 1.0
-2.4739935611250985e-07 7.381284490293183e-07 1.0
0.0 -0.0 -1.0
0.0 0.0 -1.0
-2.4739935611250985e-07 -7.381284490293183e-07 -1.0
-0.0 0.0 1.0
7.629357696714578e-07 4.4048420022591017e-07 1.0
0.0 0.0 1.0
0.0 0.0 1.0
-0.0 0.0 1.0
0.0 -0.0 1.0
0.0 -0.0 1.0
7.629190577063127e-07 1.321434410783695e-06 1.0
0.0 0.0 1.0
-2.792548059460387e-07 2.7925588597099704e-07 1.0
5.922595036622624e-08 1.5481063542210904e-07 1.0
7.430286785847784e-08 1.2869671195403498e-07 1.0
-4.4048445602129505e-07 7.629394644936838e-07 1.0
0.0 -0.0 1.0
0.0 0.0 1.0
-0.0 -0.0 1.0
5.922592904994417e-08 1.548106780546732e-07 1.0
7.430286785847784e-08 1.2869671195403498e-07 1.0
1.787604020364597e-07 -0.0 1.0
0.0 0.0 1.0
0.0 0.0 -1.0
9.448892406352383e-13 1.5481064963296376e-07 1.0
0.0 0.0 1.0
-0.0 0.0 1.0
0.0 0.0 1.0
0.0 -0.0 1.0
0.0 -0.0 1.0
-8.938004469882799e-08 1.5481083437407506e-07 1.0
-0.0 0.0 1.0
0.0 0.0 1.0
0.0 -0.0 1.0
0.0 0.0 1.0
5.9225829573961164e-08 1.5481084858492977e-07 1.0
7.430286785847784e-08 1.2869671195403498e-07 1.0
1.787604020364597e-07 0.0 1.0
0.0 0.0 1.0
0.0 -0.0 1.0
0.0 -0.0 1.0
0.0 -0.0 1.0
0.0 0.0 1.0
-0.0 0.0 1.0
0.0 0.0 1.0
-2.4739935611250985e-07 7.381284490293183e-07 1.0
0.0 0.0 -1.0
0.0 0.0 -1.0
-2.4739935611250985e-07 -7.381284490293183e-07 -1.0
-0.0 0.0 1.0
7.629370770700916e-07 4.404834044180461e-07 1.0
0.0 0.0 1.0
0.0 0.0 1.0
-0.0 0.0 1.0
0.0 -0.0 1.0
0.0 -0.0 1.0
7.629190577063127e-07 1.321434410783695e-06 1.0
0.0 0.0 1.0
-2.792550048980047e-07 2.7925571544074046e-07 1.0
-0.0 0.0 1.0
-0.0 1.5481064963296376e-07 1.0
0.0 0.0 1.0
0.0 -0.0 1.0
0.0 -0.0 1.0
-0.0 -0.0 1.0
0.0 0.0 1.0
-8.809640803519869e-07 0.0 1.0
2.5801794478752527e-08 2.6493137283978285e-07 1.0
-0.0 0.0 1.0
-5.585047802014742e-07 7.629347464899183e-07 1.0
0.0 0.0 1.0
-0.0 0.0 1.0
1.4965188199767e-07 2.0442908521545178e-07 1.0
0.0 0.0 1.0
0.0 -0.0 1.0
0.0 -0.0 1.0
-0.0 -0.0 1.0
0.0 0.0 1.0
-8.809640803519869e-07 0.0 1.0
2.5801794478752527e-08 2.6493137283978285e-07 1.0
0.0 0.0 1.0
0.0 -0.0 1.0
0.0 -0.0 1.0
-0.0 -0.0 1.0
0.0 0.0 1.0
-8.809640803519869e-07 0.0 1.0
2.5801794478752527e-08 2.6493137283978285e-07 1.0
9.448897827363245e-13 1.5481074910894677e-07 1.0
0.0 0.0 1.0
0.0 -0.0 1.0
0.0 -0.0 1.0
-0.0 -0.0 1.0
0.0 0.0 1.0
-8.809640803519869e-07 0.0 1.0
2.5801794478752527e-08 2.6493137283978285e-07 1.0
-0.0 0.0 1.0
-0.0 0.0 1.0
0.0 0.0 1.0
-0.0 0.0 1.0
0.0 -0.0 1.0
0.0 0.0 1.0
0.0 -0.0 1.0
0.0 0.0 1.0
0.0 -0.0 1.0
0.0 0.0 1.0
0.0 -0.0 1.0
0.0 0.0 1.0
0.0 -0.0 1.0
-0.0 3.224566569315357e-07 1.0
1.0421915703773266e-06 -2.7925494805458584e-07 1.0
0.0 0.0 1.0
0.0 0.0 1.0
0.0 0.0 1.0
0.0 0.0 1.0
-0.0 0.0 1.0
-8.809641371954058e-07 0.0 1.0
1.6122776003157924e-07 1.612284847851697e-07 1.0
-0.0 3.224566569315357e-07 1.0
-2.7925477752432926e-07 4.836848574996111e-07 1.0
-1.3214407772466075e-06 7.629374181306048e-07 1.0
0.0 0.0 1.0
0.0 0.0 1.0
-1.3214443015385768e-06 7.629394644936838e-07 1.0
4.836834932575584e-07 2.7925597123612533e-07 1.0
1.6122749002533965e-07 2.7925597123612533e-07 1.0
1.6122785950756224e-07 1.6122858426115272e-07 1.0
-2.7925665335715166e-07 1.0421908882563002e-06 1.0
-0.0 5.585069970948098e-07 1.0
1.3214379350756644e-06 -7.629250262652931e-07 1.0
0.0 -0.0 1.0
0.0 0.0 1.0
0.0 0.0 1.0
0.0 0.0 1.0
-0.0 0.0 1.0
-0.0 0.0 1.0
0.0 0.0 1.0
0.0 0.0 1.0
0.0 0.0 1.0
0.0 0.0 1.0
0.0 0.0 1.0
0.0 0.0 1.0
0.0 0.0 1.0
0.0 0.0 1.0
0.0 0.0 1.0
-0.0 0.0 1.0
0.0 0.0 1.0
-1.5258789289873675e-06 0.0 1.0
2.7925494805458584e-07 4.836850848732865e-07 1.0
0.0 3.224566569315357e-07 1.0
-1.6122805845952826e-07 2.7925597123612533e-07 1.0
1.0421986189612653e-06 2.7925597123612533e-07 1.0
0.0 0.0 1.0
5.901361888049905e-08 2.2024210011295509e-07 1.0
0.0 0.0 1.0
0.0 0.0 1.0
0.0 0.0 1.0
0.0 0.0 1.0
0.0 0.0 1.0
0.0 0.0 1.0
-0.0 0.0 1.0
-0.0 -0.0 1.0
0.0 0.0 1.0
-0.0 0.0 1.0
0.0 0.0 1.0
0.0 -0.0 1.0
0.0 0.0 1.0
0.0 0.0 1.0
0.0 0.0 1.0
0.0 0.0 1.0
0.0 0.0 1.0
-0.0 -0.0 1.0
-0.0 0.0 1.0
0.0 0.0 1.0
0.0 -0.0 1.0
0.0 0.0 1.0
0.0 0.0 1.0
0.0 0.0 1.0
0.0 0.0 1.0
0.0 0.0 1.0
-0.0 -0.0 1.0
-0.0 3.224566569315357e-07 1.0
-2.7925494805458584e-07 4.836850848732865e-07 1.0
-1.3214443015385768e-06 7.629394644936838e-07 1.0
0.0 0.0 1.0
0.0 0.0 1.0
-1.3214443015385768e-06 7.629394644936838e-07 1.0
4.836834932575584e-07 2.7925597123612533e-07 1.0
1.6122805845952826e-07 2.7925597123612533e-07 1.0
1.6122776003157924e-07 1.612284847851697e-07 1.0
-0.0 0.0 1.0
0.0 0.0 1.0
0.0 -0.0 1.0
0.0 0.0 1.0
0.0 0.0 1.0
0.0 0.0 1.0
0.0 0.0 1.0
-0.0 -0.0 1.0
0.0 -0.0 1.0
-1.3214443015385768e-06 7.629394644936838e-07 1.0
4.836834932575584e-07 2.7925597123612533e-07 1.0
1.612281010920924e-07 2.7925597123612533e-07 1.0
-0.0 3.224566569315357e-07 1.0
-2.7925494805458584e-07 4.836850848732865e-07 1.0
-1.3214443015385768e-06 7.629394644936838e-07 1.0
0.0 0.0 1.0
0.0 0.0 1.0
1.6122776003157924e-07 1.612284847851697e-07 1.0
0.0 0.0 1.0
0.0 0.0 1.0
0.0 0.0 1.0
0.0 0.0 1.0
0.0 0.0 1.0
0.0 0.0 1.0
0.0 0.0 1.0
-0.0 0.0 1.0
0.0 -0.0 1.0
-0.0 3.224566569315357e-07 1.0
-2.7925494805458584e-07 4.836850848732865e-07 1.0
-1.3214443015385768e-06 7.629394644936838e-07 1.0
0.0 0.0 1.0
0.0 0.0 1.0
-1.3214443015385768e-06 7.629394644936838e-07 1.0
4.836834932575584e-07 2.7925597123612533e-07 1.0
1.6122749002533965e-07 2.7925597123612533e-07 1.0
1.6122776003157924e-07 1.612284847851697e-07 1.0
-2.792579039123666e-07 1.0421886145195458e-06 1.0
-0.0 5.58504439140961e-07 1.0
1.3214331602284801e-06 -7.629168408129772e-07 1.0
0.0 -0.0 1.0
0.0 0.0 1.0
0.0 0.0 1.0
0.0 0.0 1.0
-0.0 0.0 1.0
-0.0 0.0 1.0
0.0 0.0 1.0
0.0 0.0 1.0
0.0 0.0 1.0
0.0 0.0 1.0
0.0 -0.0 1.0
0.0 -0.0 1.0
0.0 0.0 1.0
0.0 0.0 1.0
0.0 0.0 1.0
-2.792579039123666e-07 1.0421886145195458e-06 1.0
-0.0 5.58504439140961e-07 1.0
1.3214331602284801e-06 -7.629168408129772e-07 1.0
0.0 0.0 1.0
0.0 0.0 1.0
0.0 0.0 1.0
0.0 0.0 1.0
-0.0 0.0 1.0
-0.0 0.0 1.0
0.0 0.0 1.0
0.0 0.0 1.0
0.0 0.0 1.0
0.0 0.0 1.0
0.0 0.0 1.0
0.0 0.0 1.0
0.0 0.0 1.0
0.0 0.0 1.0
0.0 0.0 1.0
-2.7925656809202337e-07 1.042191001943138e-06 1.0
-0.0 5.585069402513909e-07 1.0
1.3214379350756644e-06 -7.629250262652931e-07 1.0
0.0 -0.0 1.0
0.0 0.0 1.0
0.0 0.0 1.0
0.0 0.0 1.0
-0.0 0.0 1.0
-0.0 0.0 1.0
0.0 3.224558327019622e-07 1.0
-2.7925383960791805e-07 4.836832090404641e-07 1.0
1.5258789289873675e-06 0.0 1.0
0.0 0.0 1.0
0.0 0.0 1.0
0.0 0.0 1.0
7.629330411873525e-07 1.3214424825491733e-06 1.0
1.612275468687585e-07 1.6122827162234898e-07 1.0
-5.901351229908869e-08 2.2024170220902306e-07 1.0
0.0 0.0 1.0
0.0 -0.0 1.0
0.0 -0.0 1.0
0.0 0.0 1.0
0.0 0.0 1.0
0.0 0.0 1.0
-0.0 0.0 1.0
-0.0 -0.0 1.0
0.0 0.0 1.0
-0.0 0.0 1.0
0.0 0.0 1.0
0.0 -0.0 1.0
0.0 0.0 1.0
0.0 0.0 1.0
0.0 0.0 1.0
0.0 0.0 1.0
0.0 0.0 1.0
-0.0 -0.0 1.0
0.0 0.0 1.0
-0.0 0.0 1.0
-8.809641371954058e-07 0.0 1.0
-0.0 3.224566569315357e-07 1.0
1.0421915703773266e-06 -2.7925494805458584e-07 1.0
0.0 0.0 1.0
0.0 0.0 1.0
0.0 0.0 1.0
1.6122776003157924e-07 1.612284847851697e-07 1.0
-0.0 0.0 1.0
0.0 0.0 1.0
0.0 -0.0 1.0
0.0 0.0 1.0
0.0 0.0 1.0
0.0 0.0 1.0
0.0 0.0 1.0
0.0 0.0 1.0
-0.0 -0.0 1.0
0.0 0.0 1.0
-0.0 0.0 1.0
-0.0 -0.0 1.0
0.0 0.0 1.0
0.0 0.0 1.0
0.0 0.0 1.0
0.0 0.0 1.0
0.0 0.0 1.0
0.0 0.0 1.0
-0.0 0.0 1.0
0.0 0.0 1.0
-3.224558327019622e-07 0.0 1.0
2.7925392487304634e-07 1.042191001943138e-06 1.0
0.0 0.0 1.0
-7.629330411873525e-07 1.3214424825491733e-06 1.0
0.0 0.0 1.0
5.901350519366133e-08 2.2024171641987778e-07 1.0
-1.6122757529046794e-07 1.6122825741149427e-07 1.0
0.0 0.0 1.0
0.0 0.0 1.0
0.0 -0.0 1.0
0.0 0.0 1.0
0.0 0.0 1.0
0.0 0.0 1.0
-0.0 -0.0 1.0
-0.0 -0.0 1.0
0.0 0.0 1.0
-0.0 0.0 1.0
0.0 0.0 1.0
0.0 -0.0 1.0
0.0 0.0 1.0
0.0 0.0 1.0
0.0 0.0 1.0
0.0 0.0 1.0
0.0 0.0 1.0
-0.0 -0.0 1.0
0.0 0.0 1.0
-0.0 0.0 1.0
-8.809641371954058e-07 0.0 1.0
-0.0 3.224566569315357e-07 1.0
1.0421921388115152e-06 -2.7925514700655185e-07 1.0
0.0 0.0 1.0
0.0 0.0 1.0
0.0 0.0 1.0
1.6122778845328867e-07 1.61228470574315e-07 1.0
