3 0 2
8 9 10
14 15 16
12 18 13
9 3 8
10 16 5
22 19 21
27 28 29
33 34 35
31 37 32
28 22 27
29 35 24
41 38 40
46 47 48
52 53 54
50 56 51
47 41 46
48 54 43
60 57 59
65 66 67
71 72 73
69 75 70
66 60 65
67 73 62
77 79 76
83 84 85
87 89 91
95 96 97
101 102 103
107 108 109
113 114 115
110 104 109
94 100 99
82 112 81
107 101 102
83 89 90
91 97 86
92 90 110
119 120 121
125 126 127
131 132 133
137 138 139
143 144 145
149 150 151
146 140 145
130 136 135
118 148 117
143 137 138
119 125 126
127 133 122
128 126 146
155 156 157
161 162 163
167 168 169
173 174 175
179 180 181
185 186 187
182 176 181
166 172 171
154 184 153
180 174 179
155 161 162
163 169 158
164 162 182
189 191 193
197 198 199
203 204 205
210 211 207
215 216 217
221 222 223
218 212 217
201 207 202
189 219 220
216 210 215
191 197 198
199 205 194
200 198 218
227 228 229
233 234 235
239 240 241
226 232 231
239 233 234
243 229 242
232 225 243
248 249 250
254 255 256
260 261 262
266 267 268
272 273 274
278 279 280
275 269 274
259 265 264
247 277 246
273 267 272
248 254 255
256 262 251
257 255 275
284 285 286
287 289 77
294 295 296
291 298 297
283 293 282
284 289 290
302 303 304
308 309 310
314 315 316
320 321 322
326 327 328
332 333 334
329 323 328
313 319 318
301 331 300
326 320 321
302 308 309
310 316 305
311 309 329
339 340 336
342 344 346
350 351 352
356 357 358
362 363 364
368 369 370
365 359 364
348 354 349
336 366 367
363 357 362
345 339 344
346 352 341
347 345 365
374 375 376
380 381 382
386 387 388
392 393 394
398 399 400
404 405 406
400 406 395
384 390 385
373 403 372
398 392 393
374 380 381
382 388 377
383 381 401
410 411 412
414 416 418
422 423 424
428 429 430
434 435 436
440 441 442
437 431 436
421 427 426
409 439 408
434 428 429
410 416 417
418 424 413
419 417 437
444 446 448
452 449 451
455 457 459
463 464 465
467 469 471
465 471 460
473 455 472
444 467 468
464 458 463
452 447 451
453 475 449
474 452 466
477 479 481
485 482 484
490 491 492
496 497 498
500 502 504
498 504 493
506 488 505
477 500 501
497 491 496
485 480 484
486 508 482
507 485 499
512 513 514
518 519 520
524 525 526
521 528 527
511 523 510
512 518 519
532 533 534
538 539 540
544 545 546
551 552 548
556 557 558
562 563 564
558 564 553
543 549 548
531 561 530
556 550 551
532 538 539
540 546 535
541 539 559
569 570 566
574 571 573
579 580 581
585 586 587
592 593 589
587 593 582
595 577 594
567 590 566
586 580 585
574 569 573
575 597 571
596 574 588
601 602 603
608 609 605
613 614 615
600 606 605
613 607 608
617 603 616
606 599 617
622 623 624
628 625 627
633 634 635
639 640 641
643 645 647
641 647 636
649 631 648
620 643 644
640 634 639
628 623 627
629 651 625
650 628 642
244 236 241
618 610 615
67 66 58
74 654 656
78 77 290
48 47 39
55 657 659
29 28 20
36 660 662
520 664 515
10 9 1
17 665 667
663 520 519
594 668 597
505 669 508
472 670 475
648 671 651
140 150 658
636 646 604
440 609 252
160 441 263
133 185 268
269 279 230
54 149 235
424 469 635
460 470 425
459 463 378
493 503 389
545 590 565
582 592 547
524 552 342
553 563 206
562 394 195
170 196 405
404 430 159
315 367 335
359 369 317
73 294 322
323 333 661
35 332 103
212 222 98
175 179 87
176 186 134
16 113 139
104 114 666
4 0 3
0 1 2
10 5 6
6 7 10
7 8 10
16 11 14
11 12 14
12 13 14
12 17 18
9 2 3
10 11 16
23 19 22
19 20 21
29 24 25
25 26 29
26 27 29
35 30 33
30 31 33
31 32 33
31 36 37
28 21 22
29 30 35
42 38 41
38 39 40
48 43 44
44 45 48
45 46 48
54 49 52
49 50 52
50 51 52
50 55 56
47 40 41
48 49 54
61 57 60
57 58 59
67 62 63
63 64 67
64 65 67
73 68 71
68 69 71
69 70 71
69 74 75
66 59 60
67 68 73
77 78 79
85 80 83
80 81 83
81 82 83
91 86 87
87 88 89
89 90 91
97 92 95
92 93 95
93 94 95
103 98 101
98 99 101
99 100 101
109 104 107
104 105 107
105 106 107
115 110 113
110 111 113
111 112 113
110 115 104
94 93 100
82 111 112
107 108 101
83 84 89
91 92 97
90 83 82
82 111 90
111 110 90
110 109 100
109 108 100
108 101 100
100 93 92
92 91 90
100 92 110
121 116 119
116 117 119
117 118 119
127 122 123
123 124 127
124 125 127
133 128 131
128 129 131
129 130 131
139 134 137
134 135 137
135 136 137
145 140 143
140 141 143
141 142 143
151 146 149
146 147 149
147 148 149
146 151 140
130 129 136
118 147 148
143 144 137
119 120 125
127 128 133
126 119 118
118 147 126
147 146 126
146 145 136
145 144 136
144 137 136
136 129 128
128 127 126
136 128 146
157 152 155
152 153 155
153 154 155
163 158 159
159 160 163
160 161 163
169 164 167
164 165 167
165 166 167
175 170 171
171 172 175
172 173 175
181 176 179
176 177 179
177 178 179
187 182 185
182 183 185
183 184 185
182 187 176
166 165 172
154 183 184
180 173 174
155 156 161
163 164 169
162 155 154
154 183 162
183 182 162
182 181 172
181 180 172
180 173 172
172 165 164
164 163 162
172 164 182
193 188 189
189 190 191
191 192 193
199 194 195
195 196 199
196 197 199
205 200 201
201 202 205
202 203 205
211 206 207
207 208 209
209 210 207
217 212 215
212 213 215
213 214 215
223 218 221
218 219 221
219 220 221
218 223 212
201 208 207
189 190 219
216 209 210
191 192 197
199 200 205
198 191 190
190 219 198
219 218 198
218 217 208
217 216 208
216 209 208
208 201 200
200 199 198
208 200 218
229 224 227
224 225 227
225 226 227
235 230 233
230 231 233
231 232 233
241 236 239
236 237 239
237 238 239
226 225 232
239 240 233
243 224 229
224 243 225
243 244 232
244 241 240
240 233 244
233 232 244
250 245 248
245 246 248
246 247 248
256 251 252
252 253 256
253 254 256
262 257 260
257 258 260
258 259 260
268 263 266
263 264 266
264 265 266
274 269 272
269 270 272
270 271 272
280 275 278
275 276 278
276 277 278
275 280 269
259 258 265
247 276 277
273 266 267
248 249 254
256 257 262
255 248 247
247 276 255
276 275 255
275 274 265
274 273 265
273 266 265
265 258 257
257 256 255
265 257 275
286 281 282
282 283 286
283 284 286
77 76 287
287 288 289
289 290 77
296 291 294
291 292 294
292 293 294
291 296 298
283 292 293
284 285 289
304 299 302
299 300 302
300 301 302
310 305 306
306 307 310
307 308 310
316 311 314
311 312 314
312 313 314
322 317 320
317 318 320
318 319 320
328 323 326
323 324 326
324 325 326
334 329 332
329 330 332
330 331 332
329 334 323
313 312 319
301 330 331
326 327 320
302 303 308
310 311 316
309 302 301
301 330 309
330 329 309
329 328 319
328 327 319
327 320 319
319 312 311
311 310 309
319 311 329
340 335 336
336 337 338
338 339 336
346 341 342
342 343 344
344 345 346
352 347 348
348 349 352
349 350 352
358 353 356
353 354 356
354 355 356
364 359 360
360 361 364
361 362 364
370 365 368
365 366 368
366 367 368
365 370 359
348 355 354
336 337 366
363 356 357
345 338 339
346 347 352
345 338 337
337 366 345
366 365 345
365 364 363
363 356 365
356 355 365
355 348 347
347 346 345
355 347 365
376 371 372
372 373 376
373 374 376
382 377 378
378 379 382
379 380 382
388 383 384
384 385 388
385 386 388
394 389 392
389 390 392
390 391 392
400 395 398
395 396 398
396 397 398
406 401 404
401 402 404
402 403 404
400 401 406
384 391 390
373 402 403
398 399 392
374 375 380
382 383 388
381 374 373
373 402 381
402 401 381
401 400 391
400 399 391
399 392 391
391 384 383
383 382 381
391 383 401
412 407 410
407 408 410
408 409 410
418 413 414
414 415 416
416 417 418
424 419 422
419 420 422
420 421 422
430 425 428
425 426 428
426 427 428
436 431 434
431 432 434
432 433 434
442 437 440
437 438 440
438 439 440
437 442 431
421 420 427
409 438 439
434 435 428
410 411 416
418 419 424
417 410 409
409 438 417
438 437 417
437 436 427
436 435 427
435 428 427
427 420 419
419 418 417
427 419 437
448 443 444
444 445 446
446 447 448
453 449 452
449 450 451
459 454 455
455 456 457
457 458 459
465 460 461
461 462 465
462 463 465
471 466 467
467 468 469
469 470 471
465 466 471
473 456 455
444 445 467
464 457 458
452 446 447
453 474 475
452 446 466
446 445 466
445 467 466
466 465 464
464 457 466
457 456 466
456 473 474
474 453 452
456 474 466
481 476 477
477 478 479
479 480 481
486 482 485
482 483 484
492 487 488
488 489 492
489 490 492
498 493 494
494 495 498
495 496 498
504 499 500
500 501 502
502 503 504
498 499 504
506 489 488
477 478 500
497 490 491
485 479 480
486 507 508
485 479 499
479 478 499
478 500 499
499 498 497
497 490 499
490 489 499
489 506 507
507 486 485
489 507 499
514 509 512
509 510 512
510 511 512
520 515 516
516 517 520
517 518 520
526 521 524
521 522 524
522 523 524
521 526 528
511 522 523
512 513 518
534 529 532
529 530 532
530 531 532
540 535 536
536 537 540
537 538 540
546 541 544
541 542 544
542 543 544
552 547 548
548 549 550
550 551 548
558 553 556
553 554 556
554 555 556
564 559 562
559 560 562
560 561 562
558 559 564
543 542 549
531 560 561
556 557 550
532 533 538
540 541 546
539 532 531
531 560 539
560 559 539
559 558 557
557 550 549
549 542 541
541 540 539
559 557 549
549 541 559
570 565 566
566 567 568
568 569 566
575 571 574
571 572 573
581 576 577
577 578 581
578 579 581
587 582 583
583 584 587
584 585 587
593 588 589
589 590 591
591 592 589
587 588 593
595 578 577
567 589 590
586 579 580
574 568 569
575 596 597
574 568 588
568 567 588
567 589 588
588 587 586
586 579 588
579 578 588
578 595 596
596 575 574
578 596 588
603 598 601
598 599 601
599 600 601
609 604 605
605 606 607
607 608 605
615 610 613
610 611 613
611 612 613
600 599 606
613 614 607
617 598 603
598 617 599
617 618 606
618 615 614
614 607 618
607 606 618
624 619 622
619 620 622
620 621 622
629 625 628
625 626 627
635 630 633
630 631 633
631 632 633
641 636 637
637 638 641
638 639 641
647 642 643
643 644 645
645 646 647
641 642 647
649 632 631
620 621 643
640 633 634
628 622 623
629 650 651
628 622 642
622 621 642
621 643 642
642 641 640
640 633 642
633 632 642
632 649 650
650 629 628
632 650 642
244 652 236
618 653 610
66 59 58
58 654 68
654 74 69
68 654 69
68 67 58
656 655 75
75 74 656
290 284 78
284 283 78
283 292 297
292 291 297
297 78 283
47 40 39
39 657 49
657 55 50
49 657 50
49 48 39
659 658 56
56 55 659
28 21 20
20 660 30
660 36 31
30 660 31
30 29 20
662 661 37
37 36 662
520 663 664
9 2 1
1 665 11
665 17 12
11 665 12
11 10 1
667 666 18
18 17 667
519 512 663
512 511 663
511 522 527
522 521 527
527 663 511
597 596 595
595 594 597
508 507 506
506 505 508
475 474 473
473 472 475
651 650 649
649 648 651
658 4 7
4 3 7
3 8 7
7 141 140
140 151 150
150 52 51
51 56 150
56 658 150
7 140 658
604 412 415
412 411 415
411 416 415
415 637 636
636 647 646
646 601 600
600 605 646
605 604 646
415 636 604
252 251 440
251 262 440
262 261 440
440 439 408
408 407 440
407 609 440
609 608 613
613 612 609
612 252 609
263 157 160
157 156 160
156 161 160
160 432 431
431 442 160
442 441 160
441 260 263
260 259 263
259 264 263
123 122 133
133 132 185
185 184 153
153 152 185
152 268 185
268 267 123
267 272 123
272 271 123
123 133 268
230 121 124
121 120 124
120 125 124
124 270 269
269 280 279
279 227 226
226 231 279
231 230 279
124 269 230
44 43 54
54 53 149
149 148 117
117 116 149
116 235 149
235 234 44
234 239 44
239 238 44
44 54 235
414 413 424
424 423 469
469 468 444
444 443 469
443 635 469
635 634 414
634 639 414
639 638 414
414 424 635
425 376 379
376 375 379
375 380 379
379 461 460
460 471 470
470 422 421
421 426 470
426 425 470
379 460 425
378 377 388
388 387 502
502 501 459
501 477 459
477 476 459
459 458 463
463 462 378
378 388 459
388 502 459
503 386 385
385 390 503
390 389 503
389 534 537
534 533 537
533 538 537
537 494 493
493 504 503
537 493 389
565 492 495
492 491 495
491 496 495
495 536 535
535 546 545
545 591 590
590 566 565
495 535 565
535 545 565
547 514 517
514 513 517
513 518 517
517 583 582
582 593 592
592 544 543
543 548 592
548 547 592
517 582 547
342 341 524
341 352 524
352 351 524
524 523 510
510 509 524
509 552 524
552 551 556
556 555 552
555 342 552
563 203 206
203 202 206
202 207 206
206 340 339
339 344 206
344 343 206
343 554 553
553 564 563
343 553 206
195 194 562
194 205 562
205 204 562
562 561 530
530 529 562
529 394 562
394 393 398
398 397 394
397 195 394
405 167 170
167 166 170
166 171 170
170 193 196
193 192 196
192 197 196
196 396 395
395 406 196
406 405 196
159 158 404
158 169 404
169 168 404
404 403 372
372 371 404
371 430 404
430 429 434
434 433 430
433 159 430
335 211 214
211 210 214
210 215 214
214 306 305
305 316 315
315 368 367
367 336 335
214 305 335
305 315 335
317 286 285
285 289 317
289 288 317
288 360 359
359 370 369
369 314 313
313 318 369
318 317 369
288 359 317
63 62 73
73 72 294
294 293 282
282 281 294
281 322 294
322 321 63
321 326 63
326 325 63
63 73 322
333 33 32
32 37 333
37 661 333
661 61 64
61 60 64
60 65 64
64 324 323
323 334 333
64 323 661
25 24 35
35 34 332
332 331 300
300 299 332
299 103 332
103 102 25
102 107 25
107 106 25
25 35 103
222 95 94
94 99 222
99 98 222
98 304 307
304 303 307
303 308 307
307 213 212
212 223 222
307 212 98
87 86 97
97 96 221
221 220 175
220 189 175
189 188 175
175 174 179
179 178 87
87 97 175
97 221 175
134 85 88
85 84 88
84 89 88
88 177 176
176 187 186
186 131 130
130 135 186
135 134 186
88 176 134
6 5 16
16 15 113
113 112 81
81 80 113
80 139 113
139 138 6
138 143 6
143 142 6
6 16 139
114 14 13
13 18 114
18 666 114
666 23 26
23 22 26
22 27 26
26 105 104
104 115 114
26 104 666
