44.27000427246094 221.1149444580078 -20.00016975402832
31.435073852539062 221.1149444580078 -20.00016975402832
31.435073852539062 219.8649444580078 -20.00016975402832
42.10493469238281 213.70468139648438 -20.000167846679688
44.27000427246094 214.95468139648438 -20.00016975402832
28.020004272460938 204.12936401367188 -20.000167846679688
30.185073852539062 202.87936401367188 -20.000167846679688
40.85493469238281 209.0396270751953 -20.000167846679688
40.85493469238281 211.5396270751953 -20.000167846679688
30.185073852539062 217.6998748779297 -20.00016975402832
28.020004272460938 216.4498748779297 -20.00016975402832
25.520004272460938 216.4498748779297 -20.00016975402832
23.354934692382812 217.6998748779297 -20.00016975402832
12.685073852539062 211.5396270751953 -20.000167846679688
12.685073852539062 209.0396270751953 -20.000167846679688
23.354934692382812 202.87936401367188 -20.000167846679688
25.520004272460938 204.12936401367188 -20.000167846679688
22.104934692382812 219.8649444580078 -20.00016975402832
11.435073852539062 213.70468139648438 -20.000167846679688
6.770003795623779 221.1149444580078 -20.00016975402832
-6.0649261474609375 221.1149444580078 -20.00016975402832
-6.0649261474609375 219.8649444580078 -20.00016975402832
4.604935169219971 213.70468139648438 -20.000167846679688
6.770003795623779 214.95468139648438 -20.00016975402832
-9.479995727539062 204.12936401367188 -20.000167846679688
-7.3149261474609375 202.87936401367188 -20.000167846679688
3.3549349308013916 209.0396270751953 -20.000167846679688
3.3549349308013916 211.5396270751953 -20.000167846679688
-7.3149261474609375 217.6998748779297 -20.00016975402832
-9.479995727539062 216.4498748779297 -20.00016975402832
-11.979995727539062 216.4498748779297 -20.00016975402832
-14.145065307617188 217.6998748779297 -20.00016975402832
-24.814926147460938 211.5396270751953 -20.000167846679688
-24.814926147460938 209.0396270751953 -20.000167846679688
-14.145065307617188 202.87936401367188 -20.000167846679688
-11.979995727539062 204.12936401367188 -20.000167846679688
-15.395065307617188 219.8649444580078 -20.00016975402832
-26.064926147460938 213.70468139648438 -20.000167846679688
81.77000427246094 221.1149444580078 -20.00016975402832
68.93507385253906 221.1149444580078 -20.00016975402832
68.93507385253906 219.8649444580078 -20.00016975402832
79.60493469238281 213.70468139648438 -20.000167846679688
81.77000427246094 214.95468139648438 -20.00016975402832
65.52000427246094 204.12936401367188 -20.000167846679688
67.68507385253906 202.87936401367188 -20.000167846679688
78.35493469238281 209.0396270751953 -20.000167846679688
78.35493469238281 211.5396270751953 -20.000167846679688
67.68507385253906 217.6998748779297 -20.00016975402832
65.52000427246094 216.4498748779297 -20.00016975402832
63.02000427246094 216.4498748779297 -20.00016975402832
60.85493469238281 217.6998748779297 -20.00016975402832
50.18507385253906 211.5396270751953 -20.000167846679688
50.18507385253906 209.0396270751953 -20.000167846679688
60.85493469238281 202.87936401367188 -20.000167846679688
63.02000427246094 204.12936401367188 -20.000167846679688
59.60493469238281 219.8649444580078 -20.00016975402832
48.93507385253906 213.70468139648438 -20.000167846679688
-30.729995727539062 221.1149444580078 -20.00016975402832
-43.56492614746094 221.1149444580078 -20.00016975402832
-43.56492614746094 219.8649444580078 -20.00016975402832
-32.89506530761719 213.70468139648438 -20.000167846679688
-30.729995727539062 214.95468139648438 -20.00016975402832
-46.97999572753906 204.12936401367188 -20.000167846679688
-44.81492614746094 202.87936401367188 -20.000167846679688
-34.14506530761719 209.0396270751953 -20.000167846679688
-34.14506530761719 211.5396270751953 -20.000167846679688
-44.81492614746094 217.6998748779297 -20.00016975402832
-46.97999572753906 216.4498748779297 -20.00016975402832
-49.47999572753906 216.4498748779297 -20.00016975402832
-51.64506530761719 217.6998748779297 -20.00016975402832
-62.31492614746094 211.5396270751953 -20.000167846679688
-62.31492614746094 209.0396270751953 -20.000167846679688
-51.64506530761719 202.87936401367188 -20.000167846679688
-49.47999572753906 204.12936401367188 -20.000167846679688
-52.89506530761719 219.8649444580078 -20.00016975402832
-63.56492614746094 213.70468139648438 -20.000167846679688
-65.72999572753906 171.65341186523438 -20.000165939331055
-65.72999572753906 183.97390747070312 -20.000165939331055
-66.97999572753906 183.9739227294922 -20.000165939331055
-66.97999572753906 171.65341186523438 -20.000165939331055
25.520004272460938 194.79925537109375 -20.000167846679688
23.354934692382812 196.04925537109375 -20.000167846679688
12.685073852539062 189.8889923095703 -20.000167846679688
12.685073852539062 187.3889923095703 -20.000165939331055
23.354934692382812 181.22872924804688 -20.000165939331055
25.520004272460938 182.47872924804688 -20.000165939331055
9.270004272460938 171.65341186523438 -20.000165939331055
11.435073852539062 170.40341186523438 -20.000165939331055
22.104938507080078 176.5636749267578 -20.000165939331055
22.104934692382812 179.0636749267578 -20.000165939331055
11.435073852539062 185.22393798828125 -20.000165939331055
9.270004272460938 183.9739227294922 -20.000165939331055
6.770003795623779 183.97393798828125 -20.000165939331055
4.604935169219971 185.22393798828125 -20.000165939331055
-6.0649261474609375 179.0636749267578 -20.000165939331055
-6.0649261474609375 176.5636749267578 -20.000165939331055
4.604935169219971 170.40341186523438 -20.000165939331055
6.770003795623779 171.65341186523438 -20.000165939331055
-9.479995727539062 182.47872924804688 -20.000165939331055
-7.3149261474609375 181.22872924804688 -20.000165939331055
3.3549349308013916 187.3889923095703 -20.000165939331055
3.3549349308013916 189.8889923095703 -20.000167846679688
-7.3149261474609375 196.04925537109375 -20.000167846679688
-9.479995727539062 194.79925537109375 -20.000167846679688
6.770003795623779 205.62457275390625 -20.000167846679688
4.604935169219971 206.87457275390625 -20.000167846679688
-6.0649261474609375 200.7143096923828 -20.000167846679688
-6.0649261474609375 198.2143096923828 -20.000167846679688
4.604935169219971 192.05404663085938 -20.000167846679688
6.770003795623779 193.30404663085938 -20.000167846679688
9.270004272460938 193.30404663085938 -20.000167846679688
11.435073852539062 192.05404663085938 -20.000167846679688
22.104934692382812 198.2143096923828 -20.000167846679688
22.104934692382812 200.7143096923828 -20.000167846679688
11.435073852539062 206.87457275390625 -20.000167846679688
9.270004272460938 205.62457275390625 -20.000167846679688
63.02000427246094 194.79925537109375 -20.000167846679688
60.85493469238281 196.04925537109375 -20.000167846679688
50.18507385253906 189.8889923095703 -20.000167846679688
50.18507385253906 187.3889923095703 -20.000165939331055
60.85493469238281 181.22872924804688 -20.000165939331055
63.02000427246094 182.47872924804688 -20.000165939331055
46.7700080871582 171.65341186523438 -20.000165939331055
48.93507766723633 170.40341186523438 -20.000165939331055
59.60493469238281 176.5636749267578 -20.000165939331055
59.60493469238281 179.0636749267578 -20.000165939331055
48.93507385253906 185.22393798828125 -20.000165939331055
46.77000427246094 183.9739227294922 -20.000165939331055
44.27000427246094 183.97393798828125 -20.000165939331055
42.10493469238281 185.22393798828125 -20.000165939331055
31.435073852539062 179.0636749267578 -20.000165939331055
31.435077667236328 176.5636749267578 -20.000165939331055
42.10493850708008 170.40341186523438 -20.000165939331055
44.2700080871582 171.65341186523438 -20.000165939331055
28.020004272460938 182.47872924804688 -20.000165939331055
30.185073852539062 181.22872924804688 -20.000165939331055
40.85493469238281 187.3889923095703 -20.000165939331055
40.85493469238281 189.8889923095703 -20.000167846679688
30.185073852539062 196.04925537109375 -20.000167846679688
28.020004272460938 194.79925537109375 -20.000167846679688
44.27000427246094 205.62457275390625 -20.000167846679688
42.10493469238281 206.87457275390625 -20.000167846679688
31.435073852539062 200.7143096923828 -20.000167846679688
31.435073852539062 198.2143096923828 -20.000167846679688
42.10493469238281 192.05404663085938 -20.000167846679688
44.27000427246094 193.30404663085938 -20.000167846679688
46.77000427246094 193.30404663085938 -20.000167846679688
48.93507385253906 192.05404663085938 -20.000167846679688
59.60493469238281 198.2143096923828 -20.000167846679688
59.60493469238281 200.7143096923828 -20.000167846679688
48.93507385253906 206.87457275390625 -20.000167846679688
46.77000427246094 205.62457275390625 -20.000167846679688
44.2700080871582 162.32330322265625 -20.000164031982422
42.10493850708008 163.57330322265625 -20.000164031982422
31.435077667236328 157.4130401611328 -20.000164031982422
31.435077667236328 154.9130401611328 -20.000164031982422
42.10493850708008 148.75277709960938 -20.000164031982422
44.2700080871582 150.00277709960938 -20.000164031982422
28.020008087158203 139.17745971679688 -20.000164031982422
30.185077667236328 137.92745971679688 -20.00016212463379
40.85493850708008 144.0877227783203 -20.000164031982422
40.85493850708008 146.5877227783203 -20.000164031982422
30.185077667236328 152.74798583984375 -20.000164031982422
28.020008087158203 151.4979705810547 -20.000164031982422
25.520008087158203 151.49798583984375 -20.000164031982422
23.354938507080078 152.74798583984375 -20.000164031982422
12.685073852539062 146.5877227783203 -20.000164031982422
12.685073852539062 144.0877227783203 -20.000164031982422
23.354938507080078 137.92745971679688 -20.00016212463379
25.520008087158203 139.17745971679688 -20.000164031982422
9.270004272460938 150.00277709960938 -20.000164031982422
11.435073852539062 148.75277709960938 -20.000164031982422
22.104938507080078 154.9130401611328 -20.000164031982422
22.104938507080078 157.4130401611328 -20.000164031982422
11.435073852539062 163.5732879638672 -20.000164031982422
9.270004272460938 162.3232879638672 -20.000164031982422
25.520008087158203 173.14862060546875 -20.000165939331055
23.354938507080078 174.39862060546875 -20.000165939331055
12.685073852539062 168.2383575439453 -20.000165939331055
12.685073852539062 165.7383575439453 -20.000165939331055
23.354938507080078 159.57809448242188 -20.000164031982422
25.520008087158203 160.82809448242188 -20.000164031982422
28.020008087158203 160.82809448242188 -20.000164031982422
30.185077667236328 159.57809448242188 -20.000164031982422
40.85493850708008 165.7383575439453 -20.000165939331055
40.85493850708008 168.2383575439453 -20.000165939331055
30.185077667236328 174.39862060546875 -20.000165939331055
28.020008087158203 173.14862060546875 -20.000165939331055
6.770003795623779 162.3232879638672 -20.000164031982422
4.604935169219971 163.5732879638672 -20.000164031982422
-6.0649261474609375 157.4130401611328 -20.000164031982422
-6.0649261474609375 154.91302490234375 -20.000164031982422
4.604935169219971 148.75277709960938 -20.000164031982422
6.770003795623779 150.00277709960938 -20.000164031982422
-9.479995727539062 139.17745971679688 -20.000164031982422
-7.3149261474609375 137.92745971679688 -20.00016212463379
3.3549349308013916 144.0877227783203 -20.000164031982422
3.3549349308013916 146.5877227783203 -20.000164031982422
-7.3149261474609375 152.7479705810547 -20.000164031982422
-9.479995727539062 151.49795532226562 -20.000164031982422
-11.979995727539062 151.4979705810547 -20.000164031982422
-14.145065307617188 152.7479705810547 -20.000164031982422
-24.814926147460938 146.58770751953125 -20.000164031982422
-24.814926147460938 144.08770751953125 -20.000164031982422
-14.145065307617188 137.92745971679688 -20.00016212463379
-11.979995727539062 139.17745971679688 -20.000164031982422
-28.229995727539062 150.00277709960938 -20.000164031982422
-26.064926147460938 148.75277709960938 -20.000164031982422
-15.395065307617188 154.91302490234375 -20.000164031982422
-15.395065307617188 157.4130401611328 -20.000164031982422
-26.064926147460938 163.5732879638672 -20.000164031982422
-28.229995727539062 162.3232879638672 -20.000164031982422
-11.979995727539062 173.14862060546875 -20.000165939331055
-14.145065307617188 174.39862060546875 -20.000165939331055
-24.814926147460938 168.2383575439453 -20.000165939331055
-24.814926147460938 165.7383575439453 -20.000165939331055
-14.145065307617188 159.57809448242188 -20.000164031982422
-11.979995727539062 160.82809448242188 -20.000164031982422
-9.479995727539062 160.82809448242188 -20.000164031982422
-7.3149261474609375 159.57809448242188 -20.000164031982422
3.3549349308013916 165.7383575439453 -20.000165939331055
3.3549349308013916 168.2383575439453 -20.000165939331055
-7.3149261474609375 174.39862060546875 -20.000165939331055
-9.479995727539062 173.14862060546875 -20.000165939331055
81.77000427246094 183.97393798828125 -20.000165939331055
79.60493469238281 185.22393798828125 -20.000165939331055
68.93507385253906 179.0636749267578 -20.000165939331055
68.93507385253906 176.5636749267578 -20.000165939331055
79.60493469238281 170.40341186523438 -20.000165939331055
81.77000427246094 171.65341186523438 -20.000165939331055
65.52000427246094 182.47872924804688 -20.000165939331055
67.68507385253906 181.22872924804688 -20.000165939331055
78.35493469238281 187.3889923095703 -20.000165939331055
78.35493469238281 189.8889923095703 -20.000167846679688
67.68507385253906 196.04925537109375 -20.000167846679688
65.52000427246094 194.79925537109375 -20.000167846679688
81.77000427246094 205.62457275390625 -20.000167846679688
79.60493469238281 206.87457275390625 -20.000167846679688
68.93507385253906 200.7143096923828 -20.000167846679688
68.93507385253906 198.2143096923828 -20.000167846679688
79.60493469238281 192.05404663085938 -20.000167846679688
81.77000427246094 193.30404663085938 -20.000167846679688
83.02000427246094 171.65341186523438 -20.000165939331055
83.02000427246094 183.97393798828125 -20.000165939331055
83.02000427246094 193.30404663085938 -20.000167846679688
81.77000427246094 162.32330322265625 -20.000164031982422
79.60493469238281 163.57330322265625 -20.000164031982422
68.93507385253906 157.4130401611328 -20.000164031982422
68.93507385253906 154.9130401611328 -20.000164031982422
79.60493469238281 148.75277709960938 -20.000164031982422
81.77000427246094 150.00277709960938 -20.000164031982422
65.52000427246094 139.17745971679688 -20.000164031982422
67.68507385253906 137.92745971679688 -20.00016212463379
78.35493469238281 144.0877227783203 -20.000164031982422
78.35493469238281 146.5877227783203 -20.000164031982422
67.68507385253906 152.74798583984375 -20.000164031982422
65.52000427246094 151.4979705810547 -20.000164031982422
63.0200080871582 151.49798583984375 -20.000164031982422
60.85493850708008 152.74798583984375 -20.000164031982422
50.18507766723633 146.5877227783203 -20.000164031982422
50.18507766723633 144.0877227783203 -20.000164031982422
60.85493850708008 137.92745971679688 -20.00016212463379
63.0200080871582 139.17745971679688 -20.000164031982422
46.7700080871582 150.00277709960938 -20.000164031982422
48.93507766723633 148.75277709960938 -20.000164031982422
59.60493850708008 154.9130401611328 -20.000164031982422
59.60493469238281 157.4130401611328 -20.000164031982422
48.93507766723633 163.57330322265625 -20.000164031982422
46.7700080871582 162.32330322265625 -20.000164031982422
63.02000427246094 173.14862060546875 -20.000165939331055
60.85493469238281 174.39862060546875 -20.000165939331055
50.18507385253906 168.2383575439453 -20.000165939331055
50.18507385253906 165.7383575439453 -20.000165939331055
60.85493469238281 159.57809448242188 -20.000164031982422
63.02000427246094 160.82809448242188 -20.000164031982422
65.52000427246094 160.82809448242188 -20.000164031982422
67.68507385253906 159.57809448242188 -20.000164031982422
78.35493469238281 165.7383575439453 -20.000165939331055
78.35493469238281 168.2383575439453 -20.000165939331055
67.68507385253906 174.39862060546875 -20.000165939331055
65.52000427246094 173.14862060546875 -20.000165939331055
-49.47999572753906 194.79925537109375 -20.000167846679688
-51.64506530761719 196.04925537109375 -20.000167846679688
-62.31492614746094 189.8889923095703 -20.000167846679688
-62.31492614746094 187.38897705078125 -20.000165939331055
-51.64506530761719 181.22872924804688 -20.000165939331055
-49.47999572753906 182.47872924804688 -20.000165939331055
-63.56492614746094 170.40341186523438 -20.000165939331055
-52.89506530761719 176.56365966796875 -20.000165939331055
-52.89506530761719 179.06365966796875 -20.000165939331055
-63.56492614746094 185.22393798828125 -20.000165939331055
-65.72999572753906 193.30404663085938 -20.000167846679688
-63.56492614746094 192.05404663085938 -20.000167846679688
-52.89506530761719 198.2143096923828 -20.000167846679688
-52.89506530761719 200.7143096923828 -20.000167846679688
-63.56492614746094 206.87457275390625 -20.000167846679688
-65.72999572753906 205.62457275390625 -20.000167846679688
-66.97999572753906 193.30404663085938 -20.000167846679688
-66.97999572753906 205.62457275390625 -20.000167846679688
-11.979995727539062 194.79925537109375 -20.000167846679688
-14.145065307617188 196.04925537109375 -20.000167846679688
-24.814926147460938 189.8889923095703 -20.000167846679688
-24.814926147460938 187.3889923095703 -20.000165939331055
-14.145065307617188 181.22872924804688 -20.000165939331055
-11.979995727539062 182.47872924804688 -20.000165939331055
-28.229995727539062 171.65341186523438 -20.000165939331055
-26.064926147460938 170.40341186523438 -20.000165939331055
-15.395065307617188 176.5636749267578 -20.000165939331055
-15.395065307617188 179.0636749267578 -20.000165939331055
-26.064926147460938 185.22393798828125 -20.000165939331055
-28.229995727539062 183.9739227294922 -20.000165939331055
-30.729995727539062 183.97393798828125 -20.000165939331055
-32.89506530761719 185.22393798828125 -20.000165939331055
-43.56492614746094 179.0636749267578 -20.000165939331055
-43.56492614746094 176.5636749267578 -20.000165939331055
-32.89506530761719 170.40341186523438 -20.000165939331055
-30.729995727539062 171.65341186523438 -20.000165939331055
-46.97999572753906 182.47872924804688 -20.000165939331055
-44.81492614746094 181.22872924804688 -20.000165939331055
-34.14506530761719 187.3889923095703 -20.000165939331055
-34.14506530761719 189.8889923095703 -20.000167846679688
-44.81492614746094 196.04925537109375 -20.000167846679688
-46.97999572753906 194.79925537109375 -20.000167846679688
-30.729995727539062 205.62457275390625 -20.000167846679688
-32.89506530761719 206.87457275390625 -20.000167846679688
-43.56492614746094 200.7143096923828 -20.000167846679688
-43.56492614746094 198.2143096923828 -20.000167846679688
-32.89506530761719 192.05404663085938 -20.000167846679688
-30.729995727539062 193.30404663085938 -20.000167846679688
-28.229995727539062 193.30404663085938 -20.000167846679688
-26.064926147460938 192.05404663085938 -20.000167846679688
-15.395065307617188 198.2143096923828 -20.000167846679688
-15.395065307617188 200.7143096923828 -20.000167846679688
-26.064926147460938 206.87457275390625 -20.000167846679688
-28.229995727539062 205.62457275390625 -20.000167846679688
-30.729995727539062 162.3232879638672 -20.000164031982422
-32.89506530761719 163.5732879638672 -20.000164031982422
-43.56492614746094 157.4130401611328 -20.000164031982422
-43.56492614746094 154.91302490234375 -20.000164031982422
-32.89506530761719 148.75277709960938 -20.000164031982422
-30.729995727539062 150.00277709960938 -20.000164031982422
-46.97999572753906 139.17745971679688 -20.000164031982422
-44.81492614746094 137.92745971679688 -20.00016212463379
-34.14506530761719 144.08770751953125 -20.000164031982422
-34.14506530761719 146.58770751953125 -20.000164031982422
-44.81492614746094 152.7479705810547 -20.000164031982422
-46.97999572753906 151.49795532226562 -20.000164031982422
-49.47999572753906 151.4979705810547 -20.000164031982422
-51.64506530761719 152.7479705810547 -20.000164031982422
-62.31492614746094 146.58770751953125 -20.000164031982422
-62.31492614746094 144.08770751953125 -20.000164031982422
-51.64506530761719 137.92745971679688 -20.00016212463379
-49.47999572753906 139.17745971679688 -20.000164031982422
-65.72999572753906 150.00277709960938 -20.000164031982422
-63.56492614746094 148.75277709960938 -20.000164031982422
-52.89506530761719 154.91302490234375 -20.000164031982422
-52.89506530761719 157.41302490234375 -20.000164031982422
-63.56492614746094 163.5732879638672 -20.000164031982422
-65.72999572753906 162.3232879638672 -20.000164031982422
-49.47999572753906 173.14862060546875 -20.000165939331055
-51.64506530761719 174.39862060546875 -20.000165939331055
-62.31492614746094 168.23834228515625 -20.000165939331055
-62.31492614746094 165.73834228515625 -20.000165939331055
-51.64506530761719 159.57809448242188 -20.000164031982422
-49.47999572753906 160.82809448242188 -20.000164031982422
-46.97999572753906 160.82809448242188 -20.000164031982422
-44.81492614746094 159.57809448242188 -20.000164031982422
-34.14506530761719 165.7383575439453 -20.000165939331055
-34.14506530761719 168.2383575439453 -20.000165939331055
-44.81492614746094 174.39862060546875 -20.000165939331055
-46.97999572753906 173.14862060546875 -20.000165939331055
25.520008087158203 129.84732055664062 -20.00016212463379
23.354938507080078 131.09732055664062 -20.00016212463379
12.685080528259277 124.93705749511719 -20.00016212463379
12.685080528259277 122.43705749511719 -20.00016212463379
23.354938507080078 116.27679443359375 -20.00016212463379
25.520008087158203 117.52679443359375 -20.00016212463379
9.270011901855469 106.70147705078125 -20.000160217285156
11.435080528259277 105.45147705078125 -20.000160217285156
22.104938507080078 111.61174011230469 -20.000160217285156
22.104938507080078 114.11174011230469 -20.00016212463379
11.435080528259277 120.27200317382812 -20.00016212463379
9.270011901855469 119.02198791503906 -20.00016212463379
6.770011901855469 119.02200317382812 -20.00016212463379
4.6049418449401855 120.27200317382812 -20.00016212463379
-6.0649189949035645 114.11173248291016 -20.00016212463379
-6.0649189949035645 111.61173248291016 -20.000160217285156
4.6049418449401855 105.45147705078125 -20.000160217285156
6.770011901855469 106.70147705078125 -20.000160217285156
-9.479988098144531 117.52678680419922 -20.00016212463379
-7.3149189949035645 116.27678680419922 -20.00016212463379
3.3549420833587646 122.43705749511719 -20.00016212463379
3.3549420833587646 124.93705749511719 -20.00016212463379
-7.3149189949035645 131.09732055664062 -20.00016212463379
-9.479988098144531 129.84732055664062 -20.00016212463379
6.770003795623779 140.67263793945312 -20.000164031982422
4.604935169219971 141.92263793945312 -20.000164031982422
-6.0649261474609375 135.76235961914062 -20.00016212463379
-6.0649189949035645 133.26235961914062 -20.00016212463379
4.6049418449401855 127.10211181640625 -20.00016212463379
6.770011901855469 128.35211181640625 -20.00016212463379
9.270011901855469 128.35211181640625 -20.00016212463379
11.435080528259277 127.10211181640625 -20.00016212463379
22.104938507080078 133.2623748779297 -20.00016212463379
22.104938507080078 135.7623748779297 -20.00016212463379
11.435073852539062 141.92263793945312 -20.000164031982422
9.270004272460938 140.67263793945312 -20.000164031982422
63.0200080871582 129.84732055664062 -20.00016212463379
60.85493850708008 131.09732055664062 -20.00016212463379
50.18507766723633 124.93705749511719 -20.00016212463379
50.18507766723633 122.43705749511719 -20.00016212463379
60.85493850708008 116.27679443359375 -20.00016212463379
63.0200080871582 117.52679443359375 -20.00016212463379
46.7700080871582 106.70147705078125 -20.000160217285156
48.93507766723633 105.45147705078125 -20.000160217285156
59.604942321777344 111.61174011230469 -20.000160217285156
59.60493850708008 114.11174011230469 -20.00016212463379
48.93507766723633 120.27200317382812 -20.00016212463379
46.7700080871582 119.02198791503906 -20.00016212463379
44.2700080871582 119.02200317382812 -20.00016212463379
42.10493850708008 120.27200317382812 -20.00016212463379
31.435077667236328 114.11174011230469 -20.00016212463379
31.435077667236328 111.61174011230469 -20.000160217285156
42.10493850708008 105.45147705078125 -20.000160217285156
44.2700080871582 106.70147705078125 -20.000160217285156
28.020008087158203 117.52679443359375 -20.00016212463379
30.185077667236328 116.27679443359375 -20.00016212463379
40.85493850708008 122.43705749511719 -20.00016212463379
40.85493850708008 124.93705749511719 -20.00016212463379
30.185077667236328 131.09732055664062 -20.00016212463379
28.020008087158203 129.84732055664062 -20.00016212463379
44.2700080871582 140.67263793945312 -20.000164031982422
42.10493850708008 141.92263793945312 -20.000164031982422
31.435077667236328 135.7623748779297 -20.00016212463379
31.435077667236328 133.2623748779297 -20.00016212463379
42.10493850708008 127.10211181640625 -20.00016212463379
44.2700080871582 128.35211181640625 -20.00016212463379
46.7700080871582 128.35211181640625 -20.00016212463379
48.93507766723633 127.10211181640625 -20.00016212463379
59.60493850708008 133.2623748779297 -20.00016212463379
59.60493850708008 135.7623748779297 -20.00016212463379
48.93507766723633 141.92263793945312 -20.000164031982422
46.7700080871582 140.67263793945312 -20.000164031982422
44.2700080871582 97.37135314941406 -20.000160217285156
42.10493850708008 98.62135314941406 -20.000160217285156
31.435077667236328 92.46110534667969 -20.000160217285156
31.435081481933594 89.96110534667969 -20.000160217285156
42.104942321777344 83.80084228515625 -20.000158309936523
44.27001190185547 85.05084228515625 -20.000158309936523
28.02001190185547 79.13578796386719 -20.000158309936523
40.854942321777344 79.13578796386719 -20.000158309936523
40.854942321777344 81.63578796386719 -20.000158309936523
30.185081481933594 87.79603576660156 -20.000158309936523
28.02001190185547 86.54603576660156 -20.000158309936523
9.270011901855469 85.05084228515625 -20.000158309936523
11.435080528259277 83.80084228515625 -20.000158309936523
22.104942321777344 89.96110534667969 -20.000160217285156
22.104938507080078 92.46110534667969 -20.000160217285156
11.435080528259277 98.62135314941406 -20.000160217285156
9.270011901855469 97.37135314941406 -20.000160217285156
25.520008087158203 108.19668579101562 -20.000160217285156
23.354938507080078 109.44668579101562 -20.000160217285156
12.685080528259277 103.28642272949219 -20.000160217285156
12.685080528259277 100.78642272949219 -20.000160217285156
23.354938507080078 94.62617492675781 -20.000160217285156
25.520008087158203 95.87617492675781 -20.000160217285156
28.020008087158203 95.87615966796875 -20.000160217285156
30.185077667236328 94.62617492675781 -20.000160217285156
40.85493850708008 100.78642272949219 -20.000160217285156
40.85493850708008 103.28642272949219 -20.000160217285156
30.185077667236328 109.44668579101562 -20.000160217285156
28.020008087158203 108.19668579101562 -20.000160217285156
12.685080528259277 81.63578796386719 -20.000158309936523
23.354942321777344 87.79603576660156 -20.000158309936523
25.52001190185547 86.54605102539062 -20.000158309936523
25.52001190185547 79.13578796386719 -20.000158309936523
6.770011901855469 97.37135314941406 -20.000160217285156
4.6049418449401855 98.62135314941406 -20.000160217285156
-6.0649189949035645 92.46110534667969 -20.000160217285156
-6.0649189949035645 89.96110534667969 -20.000160217285156
4.6049418449401855 83.80084228515625 -20.000158309936523
6.770011901855469 85.05084228515625 -20.000158309936523
-9.479988098144531 79.13578796386719 -20.000158309936523
3.3549420833587646 79.13578796386719 -20.000158309936523
3.3549420833587646 81.63578796386719 -20.000158309936523
-7.3149189949035645 87.79603576660156 -20.000158309936523
-9.479988098144531 86.54603576660156 -20.000158309936523
-28.22998809814453 85.05084228515625 -20.000158309936523
-26.064918518066406 83.80084228515625 -20.000158309936523
-15.395057678222656 89.96110534667969 -20.000160217285156
-15.395057678222656 92.46110534667969 -20.000160217285156
-26.064918518066406 98.62134552001953 -20.000160217285156
-28.22998809814453 97.37134552001953 -20.000160217285156
-11.979988098144531 108.1966781616211 -20.000160217285156
-14.145057678222656 109.4466781616211 -20.000160217285156
-24.814918518066406 103.28641510009766 -20.000160217285156
-24.814918518066406 100.78641510009766 -20.000160217285156
-14.145057678222656 94.62616729736328 -20.000160217285156
-11.979988098144531 95.87616729736328 -20.000160217285156
-9.479988098144531 95.87615203857422 -20.000160217285156
-7.3149189949035645 94.62616729736328 -20.000160217285156
3.3549420833587646 100.78642272949219 -20.000160217285156
3.3549420833587646 103.28642272949219 -20.000160217285156
-7.3149189949035645 109.4466781616211 -20.000160217285156
-9.479988098144531 108.1966781616211 -20.000160217285156
-24.814918518066406 81.63578796386719 -20.000158309936523
-14.145057678222656 87.79603576660156 -20.000158309936523
-11.979988098144531 86.54605102539062 -20.000158309936523
-11.979988098144531 79.13578796386719 -20.000158309936523
-49.47999572753906 129.84732055664062 -20.00016212463379
-51.64506530761719 131.09732055664062 -20.00016212463379
-62.31492614746094 124.93704986572266 -20.00016212463379
-62.31492614746094 122.43704986572266 -20.00016212463379
-51.64506530761719 116.27678680419922 -20.00016212463379
-49.47999572753906 117.52678680419922 -20.00016212463379
-65.72999572753906 106.70146942138672 -20.000160217285156
-63.56492614746094 105.45146942138672 -20.000160217285156
-52.89506530761719 111.61173248291016 -20.000160217285156
-52.89506530761719 114.11173248291016 -20.00016212463379
-63.56492614746094 120.2719955444336 -20.00016212463379
-65.72999572753906 119.02198028564453 -20.00016212463379
-65.72999572753906 128.35211181640625 -20.00016212463379
-63.56492614746094 127.10210418701172 -20.00016212463379
-52.89506530761719 133.26235961914062 -20.00016212463379
-52.89506530761719 135.76235961914062 -20.00016212463379
-63.56492614746094 141.92263793945312 -20.000164031982422
-65.72999572753906 140.67263793945312 -20.000164031982422
-66.97999572753906 128.35211181640625 -20.00016212463379
-66.97999572753906 140.67263793945312 -20.000164031982422
-11.979988098144531 129.84732055664062 -20.00016212463379
-14.145057678222656 131.09732055664062 -20.00016212463379
-24.814918518066406 124.93704986572266 -20.00016212463379
-24.814918518066406 122.43704986572266 -20.00016212463379
-14.145057678222656 116.27678680419922 -20.00016212463379
-11.979988098144531 117.52678680419922 -20.00016212463379
-28.22998809814453 106.70146942138672 -20.000160217285156
-26.064918518066406 105.45146942138672 -20.000160217285156
-15.395057678222656 111.61173248291016 -20.000160217285156
-15.395057678222656 114.11173248291016 -20.00016212463379
-26.064918518066406 120.2719955444336 -20.00016212463379
-28.22998809814453 119.02198028564453 -20.00016212463379
-30.72998809814453 119.0219955444336 -20.00016212463379
-32.895057678222656 120.2719955444336 -20.00016212463379
-43.564918518066406 114.11173248291016 -20.00016212463379
-43.564918518066406 111.61173248291016 -20.000160217285156
-32.895057678222656 105.45146942138672 -20.000160217285156
-30.72998809814453 106.70146942138672 -20.000160217285156
-46.97999572753906 117.52678680419922 -20.00016212463379
-44.814918518066406 116.27678680419922 -20.00016212463379
-34.145057678222656 122.43704986572266 -20.00016212463379
-34.145057678222656 124.93704986572266 -20.00016212463379
-44.814918518066406 131.09732055664062 -20.00016212463379
-46.97999572753906 129.84732055664062 -20.00016212463379
-30.729995727539062 140.67263793945312 -20.000164031982422
-32.89506530761719 141.92263793945312 -20.000164031982422
-43.56492614746094 135.76235961914062 -20.00016212463379
-43.564918518066406 133.26235961914062 -20.00016212463379
-32.895057678222656 127.10210418701172 -20.00016212463379
-30.72998809814453 128.35211181640625 -20.00016212463379
-28.22998809814453 128.35211181640625 -20.00016212463379
-26.064918518066406 127.10210418701172 -20.00016212463379
-15.395057678222656 133.26235961914062 -20.00016212463379
-15.395065307617188 135.76235961914062 -20.00016212463379
-26.064926147460938 141.92263793945312 -20.000164031982422
-28.229995727539062 140.67263793945312 -20.000164031982422
-30.72998809814453 97.37134552001953 -20.000160217285156
-32.895057678222656 98.62134552001953 -20.000160217285156
-43.564918518066406 92.46110534667969 -20.000160217285156
-43.564918518066406 89.96110534667969 -20.000160217285156
-32.895057678222656 83.80084228515625 -20.000158309936523
-30.72998809814453 85.05084228515625 -20.000158309936523
-46.97999572753906 79.13578796386719 -20.000158309936523
-34.145057678222656 79.13578796386719 -20.000158309936523
-34.145057678222656 81.63578796386719 -20.000158309936523
-44.814918518066406 87.79603576660156 -20.000158309936523
-46.97999572753906 86.54603576660156 -20.000158309936523
-65.72999572753906 85.05084228515625 -20.000158309936523
-63.56492614746094 83.80084228515625 -20.000158309936523
-52.89506530761719 89.96110534667969 -20.000160217285156
-52.89506530761719 92.46110534667969 -20.000160217285156
-63.56492614746094 98.62134552001953 -20.000160217285156
-65.72999572753906 97.37134552001953 -20.000160217285156
-49.47999572753906 108.1966781616211 -20.000160217285156
-51.64506530761719 109.4466781616211 -20.000160217285156
-62.31492614746094 103.28641510009766 -20.000160217285156
-62.31492614746094 100.78641510009766 -20.000160217285156
-51.64506530761719 94.62616729736328 -20.000160217285156
-49.47999572753906 95.87616729736328 -20.000160217285156
-46.97999572753906 95.87615203857422 -20.000160217285156
-44.814918518066406 94.62616729736328 -20.000160217285156
-34.145057678222656 100.78641510009766 -20.000160217285156
-34.145057678222656 103.28641510009766 -20.000160217285156
-44.814918518066406 109.4466781616211 -20.000160217285156
-46.97999572753906 108.1966781616211 -20.000160217285156
-62.31492614746094 81.63578796386719 -20.000158309936523
-51.64506530761719 87.79603576660156 -20.000158309936523
-49.47999572753906 86.54605102539062 -20.000158309936523
-49.47999572753906 79.13578796386719 -20.000158309936523
81.77001190185547 119.02200317382812 -20.00016212463379
79.60494232177734 120.27200317382812 -20.00016212463379
68.9350814819336 114.11174011230469 -20.00016212463379
68.9350814819336 111.61174011230469 -20.000160217285156
79.60494232177734 105.45147705078125 -20.000160217285156
81.77001190185547 106.70147705078125 -20.000160217285156
65.52000427246094 117.52679443359375 -20.00016212463379
67.6850814819336 116.27679443359375 -20.00016212463379
78.35494232177734 122.43705749511719 -20.00016212463379
78.35494232177734 124.93705749511719 -20.00016212463379
67.68507385253906 131.09732055664062 -20.00016212463379
65.52000427246094 129.84732055664062 -20.00016212463379
81.77000427246094 140.67263793945312 -20.000164031982422
79.60493469238281 141.92263793945312 -20.000164031982422
68.93507385253906 135.7623748779297 -20.00016212463379
68.93507385253906 133.2623748779297 -20.00016212463379
79.60494232177734 127.10211181640625 -20.00016212463379
81.77001190185547 128.35211181640625 -20.00016212463379
83.02001190185547 106.70147705078125 -20.000160217285156
83.02001190185547 119.0219955444336 -20.00016212463379
83.02001190185547 128.35211181640625 -20.00016212463379
81.77001190185547 97.37135314941406 -20.000160217285156
79.60494232177734 98.62135314941406 -20.000160217285156
68.9350814819336 92.46110534667969 -20.000160217285156
68.9350814819336 89.96110534667969 -20.000160217285156
79.60494232177734 83.80084228515625 -20.000158309936523
81.77001190185547 85.05084228515625 -20.000158309936523
65.52001190185547 79.13578796386719 -20.000158309936523
78.35494232177734 79.13578796386719 -20.000158309936523
78.35494232177734 81.63578796386719 -20.000158309936523
67.6850814819336 87.79603576660156 -20.000158309936523
65.52001190185547 86.54603576660156 -20.000158309936523
46.77001190185547 85.05084228515625 -20.000158309936523
48.935081481933594 83.80084228515625 -20.000158309936523
59.604942321777344 89.96110534667969 -20.000160217285156
59.604942321777344 92.46110534667969 -20.000160217285156
48.93507766723633 98.62135314941406 -20.000160217285156
46.7700080871582 97.37135314941406 -20.000160217285156
63.02001190185547 108.19668579101562 -20.000160217285156
60.854942321777344 109.44668579101562 -20.000160217285156
50.185081481933594 103.28642272949219 -20.000160217285156
50.185081481933594 100.78642272949219 -20.000160217285156
60.854942321777344 94.62617492675781 -20.000160217285156
63.02001190185547 95.87617492675781 -20.000160217285156
65.52001190185547 95.87615966796875 -20.000160217285156
67.6850814819336 94.62617492675781 -20.000160217285156
78.35494232177734 100.78642272949219 -20.000160217285156
78.35494232177734 103.28642272949219 -20.000160217285156
67.6850814819336 109.44668579101562 -20.000160217285156
65.52001190185547 108.19668579101562 -20.000160217285156
50.185081481933594 81.63578796386719 -20.000158309936523
60.854942321777344 87.79603576660156 -20.000158309936523
63.02001190185547 86.54605102539062 -20.000158309936523
63.02001190185547 79.13578796386719 -20.000158309936523
83.02000427246094 205.62457275390625 -20.000167846679688
83.02000427246094 140.67263793945312 -20.000164031982422
-52.89506530761719 221.1149444580078 -20.00016975402832
-65.72999572753906 214.95468139648438 -20.00016975402832
-65.72999572753906 221.1149444580078 -20.00016975402832
59.60493469238281 221.1149444580078 -20.00016975402832
46.77000427246094 214.95468139648438 -20.00016975402832
46.77000427246094 221.1149444580078 -20.00016975402832
-15.395065307617188 221.1149444580078 -20.00016975402832
-28.229995727539062 214.95468139648438 -20.00016975402832
-28.229995727539062 221.1149444580078 -20.00016975402832
-66.97999572753906 119.02198791503906 -20.00016212463379
-66.97999572753906 106.70146942138672 -20.000160217285156
22.104934692382812 221.1149444580078 -20.00016975402832
9.270004272460938 214.95468139648438 -20.00016975402832
9.270004272460938 221.1149444580078 -20.00016975402832
-62.31492614746094 79.13578796386719 -20.000158309936523
-24.814918518066406 79.13578796386719 -20.000158309936523
12.685080528259277 79.13578796386719 -20.000158309936523
50.185081481933594 79.13578796386719 -20.000158309936523
