6.434797228394018e-08 3.715166840834172e-08 1.0
-0.0 -0.0 1.0
7.740552376844789e-08 4.468997261142249e-08 1.0
6.434836308244485e-08 3.71514374819526e-08 1.0
-3.217429167534647e-08 -5.572726990976662e-08 -1.0
-3.217429167534647e-08 -5.572726990976662e-08 -1.0
-6.434834887159013e-08 3.715143037652524e-08 1.0
7.740553087387525e-08 4.468997971684985e-08 1.0
7.740553087387525e-08 4.468997971684985e-08 1.0
7.740553087387525e-08 4.468997971684985e-08 1.0
-0.0 1.9073486612342094e-07 1.0
-3.8702857807493274e-08 6.703503174776415e-08 1.0
3.870286136020695e-08 -6.703503885319151e-08 -1.0
-3.8702857807493274e-08 -6.703503174776415e-08 -1.0
0.0 1.9073486612342094e-07 1.0
-0.0 0.0 1.0
-0.0 7.430321602441836e-08 1.0
7.740553087387525e-08 4.468997971684985e-08 1.0
7.740553087387525e-08 4.468997971684985e-08 1.0
7.740553087387525e-08 4.468997971684985e-08 1.0
7.740553087387525e-08 4.468997971684985e-08 1.0
-0.0 1.9073486612342094e-07 1.0
-3.8702857807493274e-08 6.703503174776415e-08 1.0
3.870286136020695e-08 -6.703503885319151e-08 -1.0
-3.8702857807493274e-08 -6.703503174776415e-08 -1.0
0.0 1.9073486612342094e-07 1.0
-2.5553717364346085e-08 9.536729095316332e-08 1.0
-0.0 7.430286075305048e-08 1.0
7.740563034985826e-08 4.469003656026871e-08 1.0
7.740553087387525e-08 4.468997971684985e-08 1.0
7.740553087387525e-08 4.468997971684985e-08 1.0
7.740553087387525e-08 4.468997971684985e-08 1.0
-0.0 1.9073486612342094e-07 1.0
-3.870263398653151e-08 6.703511701289244e-08 1.0
3.870286136020695e-08 -6.703503885319151e-08 -1.0
-3.8702857807493274e-08 -6.703503174776415e-08 -1.0
0.0 1.9073486612342094e-07 1.0
-2.5553717364346085e-08 9.536729095316332e-08 1.0
7.74054385033196e-08 4.4689926426144666e-08 1.0
7.74046853280197e-08 4.4690580125461565e-08 1.0
7.74054385033196e-08 4.4689926426144666e-08 1.0
-0.0 0.0 1.0
7.74054385033196e-08 4.4689926426144666e-08 1.0
7.740563034985826e-08 4.469003656026871e-08 1.0
-0.0 1.9073486612342094e-07 1.0
-3.870303899589089e-08 6.703487542836228e-08 1.0
3.8702680171809334e-08 -6.703519517259338e-08 -1.0
-3.8702680171809334e-08 -6.703519517259338e-08 -1.0
-3.8702680171809334e-08 -6.703519517259338e-08 -1.0
0.0 1.9073486612342094e-07 1.0
-2.5553717364346085e-08 9.536729095316332e-08 1.0
-1.0043705866991104e-09 8.996007494488367e-08 1.0
7.740582219639691e-08 4.469014669439275e-08 1.0
0.0 0.0 1.0
7.740582219639691e-08 4.469014669439275e-08 1.0
7.74054385033196e-08 4.4689926426144666e-08 1.0
-0.0 1.9073486612342094e-07 1.0
-3.870313491916022e-08 6.703503885319151e-08 1.0
3.2174206410218176e-08 -6.922317652424681e-08 -1.0
-3.870222187174477e-08 -6.703535149199524e-08 -1.0
-3.870313491916022e-08 -6.703503885319151e-08 -1.0
0.0 1.9073486612342094e-07 1.0
-2.555366762635458e-08 9.53674614834199e-08 1.0
7.74054385033196e-08 4.4689926426144666e-08 1.0
7.74046853280197e-08 4.4690580125461565e-08 1.0
7.74054385033196e-08 4.4689926426144666e-08 1.0
7.740563034985826e-08 4.469003656026871e-08 1.0
1.952661321524829e-08 7.810645286099316e-08 1.0
-3.870303899589089e-08 6.703487542836228e-08 1.0
3.8702680171809334e-08 -6.703519517259338e-08 -1.0
-3.8702680171809334e-08 -6.703519517259338e-08 -1.0
-3.8702680171809334e-08 -6.703519517259338e-08 -1.0
0.0 1.9073486612342094e-07 1.0
-2.5553717364346085e-08 9.536729095316332e-08 1.0
-1.3057021241991151e-08 9.691871838413135e-08 1.0
7.74046853280197e-08 4.4690580125461565e-08 1.0
7.74054385033196e-08 4.4689926426144666e-08 1.0
7.740563034985826e-08 4.469003656026871e-08 1.0
7.74054385033196e-08 4.4689926426144666e-08 1.0
-0.0 1.9073486612342094e-07 1.0
-3.870303899589089e-08 6.703487542836228e-08 1.0
4.8555175879982926e-08 -8.410027163563427e-08 -1.0
-3.8702680171809334e-08 -6.703519517259338e-08 -1.0
-3.8702680171809334e-08 -6.703519517259338e-08 -1.0
0.0 1.9073486612342094e-07 1.0
-2.5553717364346085e-08 9.536729095316332e-08 1.0
7.74054385033196e-08 4.4689926426144666e-08 1.0
7.74046853280197e-08 4.4690580125461565e-08 1.0
7.74054385033196e-08 4.4689926426144666e-08 1.0
7.740563034985826e-08 4.469003656026871e-08 1.0
1.952661321524829e-08 7.810645286099316e-08 1.0
-3.870303899589089e-08 6.703487542836228e-08 1.0
3.8702680171809334e-08 -6.703519517259338e-08 -1.0
-3.8702680171809334e-08 -6.703519517259338e-08 -1.0
-3.8702680171809334e-08 -6.703519517259338e-08 -1.0
0.0 1.9073486612342094e-07 1.0
-2.5553717364346085e-08 9.536729095316332e-08 1.0
7.74054385033196e-08 4.4689926426144666e-08 1.0
7.74046853280197e-08 4.4690580125461565e-08 1.0
7.74054385033196e-08 4.4689926426144666e-08 1.0
7.740563034985826e-08 4.469003656026871e-08 1.0
1.952661321524829e-08 7.810645286099316e-08 1.0
0.0 0.0 1.0
-0.0 1.9073486612342094e-07 1.0
-3.870303899589089e-08 6.703487542836228e-08 1.0
3.8702680171809334e-08 -6.703519517259338e-08 -1.0
-3.8702680171809334e-08 -6.703519517259338e-08 -1.0
-3.8702680171809334e-08 -6.703519517259338e-08 -1.0
0.0 1.9073486612342094e-07 1.0
-2.5553717364346085e-08 9.536729095316332e-08 1.0
7.74054385033196e-08 4.4689926426144666e-08 1.0
7.74046853280197e-08 4.4690580125461565e-08 1.0
7.74054385033196e-08 4.4689926426144666e-08 1.0
7.740563034985826e-08 4.469003656026871e-08 1.0
7.74054385033196e-08 4.4689926426144666e-08 1.0
7.740563034985826e-08 4.469003656026871e-08 1.0
-0.0 1.9073486612342094e-07 1.0
-3.870303899589089e-08 6.703487542836228e-08 1.0
3.8702680171809334e-08 -6.703519517259338e-08 -1.0
-3.8702680171809334e-08 -6.703519517259338e-08 -1.0
-3.8702680171809334e-08 -6.703519517259338e-08 -1.0
0.0 1.9073486612342094e-07 1.0
-2.5553717364346085e-08 9.536729095316332e-08 1.0
-0.0 1.9073486612342094e-07 1.0
0.0 7.430303838873442e-08 1.0
0.0 -0.0 1.0
-0.0 1.9073486612342094e-07 1.0
0.0 7.430303838873442e-08 1.0
-0.0 1.9073486612342094e-07 1.0
0.0 7.430303838873442e-08 1.0
3.217418864664978e-08 1.8575724070046817e-08 1.0
0.0 7.430286075305048e-08 1.0
0.0 -0.0 1.0
0.0 0.0 1.0
-2.9506754373187505e-08 5.11071611697389e-08 1.0
0.0 0.0 1.0
4.426027189197157e-08 2.5553607230222042e-08 1.0
-3.870303899589089e-08 6.703487542836228e-08 1.0
1.1012090794793039e-07 1.9073486612342094e-07 1.0
2.9506923127087248e-08 5.110718603873465e-08 1.0
2.9506923127087248e-08 5.110718603873465e-08 1.0
7.740553087387525e-08 4.468997971684985e-08 1.0
7.740553087387525e-08 4.468997971684985e-08 1.0
7.740553087387525e-08 4.468997971684985e-08 1.0
7.740553087387525e-08 4.468997971684985e-08 1.0
-0.0 1.9073486612342094e-07 1.0
3.870286136020695e-08 -6.703503885319151e-08 -1.0
-3.8702857807493274e-08 -6.703503174776415e-08 -1.0
-0.0 0.0 1.0
3.303634059648175e-07 1.9073486612342094e-07 1.0
-0.0 5.5559109313207955e-08 1.0
-3.2174177988508745e-08 1.857571696461946e-08 1.0
1.9073571877470386e-07 1.9073486612342094e-07 1.0
0.0 7.430303128330706e-08 1.0
-0.0 5.5559109313207955e-08 1.0
-3.2174177988508745e-08 1.857571696461946e-08 1.0
-3.217429167534647e-08 -5.572726990976662e-08 -1.0
-3.217489918938554e-08 -5.5726573577885574e-08 -1.0
-0.0 8.938020101822985e-08 1.0
-0.0 7.430303128330706e-08 1.0
-6.434835597701749e-08 3.715143392923892e-08 1.0
0.0 8.938020101822985e-08 1.0
0.0 7.430303128330706e-08 1.0
-6.434835597701749e-08 3.715143392923892e-08 1.0
-0.0 8.938020101822985e-08 1.0
-0.0 7.430303128330706e-08 1.0
-6.434835597701749e-08 3.715143392923892e-08 1.0
0.0 8.938020101822985e-08 1.0
0.0 1.9073486612342094e-07 1.0
-3.870286136020695e-08 6.703503885319151e-08 1.0
3.870286136020695e-08 -6.703503885319151e-08 -1.0
-3.870286136020695e-08 -6.703503885319151e-08 -1.0
-0.0 1.9073486612342094e-07 1.0
0.0 8.061395817549055e-08 1.0
-2.9506864507311548e-08 5.110717182787994e-08 1.0
-4.426027189197157e-08 2.5553607230222042e-08 1.0
3.303634059648175e-07 1.9073486612342094e-07 1.0
-0.0 0.0 1.0
0.0 0.0 1.0
-2.5553717364346085e-08 9.536729095316332e-08 1.0
-3.217410338152149e-08 1.8575676108412154e-08 1.0
-9.763191144429584e-09 8.374340865202612e-08 1.0
0.0 7.430303128330706e-08 1.0
-6.434835597701749e-08 3.715143392923892e-08 1.0
-0.0 8.938020101822985e-08 1.0
-0.0 7.430303128330706e-08 1.0
-6.434835597701749e-08 3.715143392923892e-08 1.0
0.0 8.938020101822985e-08 1.0
0.0 7.430303128330706e-08 1.0
-6.434835597701749e-08 3.715143392923892e-08 1.0
-0.0 8.938020101822985e-08 1.0
-0.0 7.430303128330706e-08 1.0
-6.434835597701749e-08 3.715143392923892e-08 1.0
0.0 8.938020101822985e-08 1.0
0.0 1.9073486612342094e-07 1.0
-3.870286136020695e-08 6.703503885319151e-08 1.0
3.870286136020695e-08 -6.703503885319151e-08 -1.0
-3.870286136020695e-08 -6.703503885319151e-08 -1.0
-0.0 1.9073486612342094e-07 1.0
0.0 0.0 1.0
-0.0 0.0 1.0
-0.0 0.0 1.0
1.101211921650247e-07 1.9073486612342094e-07 1.0
0.0 0.0 1.0
-0.0 0.0 1.0
0.0 0.0 1.0
3.3035587421181845e-07 1.9073283397119667e-07 1.0
-4.030712119629243e-08 4.030694000789481e-08 1.0
-3.217411048694885e-08 1.8575679661125832e-08 1.0
-9.763434505316582e-09 8.374326654347897e-08 1.0
0.0 0.0 1.0
-1.3057176673214599e-08 8.184159838720007e-08 1.0
-0.0 7.430303838873442e-08 1.0
-0.0 7.430303128330706e-08 1.0
-6.434835597701749e-08 3.715143392923892e-08 1.0
0.0 8.938020101822985e-08 1.0
0.0 7.430303128330706e-08 1.0
-6.434835597701749e-08 3.715143392923892e-08 1.0
-0.0 8.938020101822985e-08 1.0
-0.0 7.430303128330706e-08 1.0
-6.434835597701749e-08 3.715143392923892e-08 1.0
0.0 8.938020101822985e-08 1.0
0.0 1.9073486612342094e-07 1.0
-3.870286136020695e-08 6.703503885319151e-08 1.0
3.870286136020695e-08 -6.703503885319151e-08 -1.0
-3.870286136020695e-08 -6.703503885319151e-08 -1.0
-0.0 1.9073486612342094e-07 1.0
0.0 0.0 1.0
-0.0 0.0 1.0
-0.0 0.0 1.0
1.101211921650247e-07 1.9073486612342094e-07 1.0
0.0 0.0 1.0
-0.0 0.0 1.0
0.0 0.0 1.0
3.303634059648175e-07 1.9073486612342094e-07 1.0
-4.030712119629243e-08 4.030694000789481e-08 1.0
0.0 7.430303128330706e-08 1.0
-6.434841992586371e-08 3.7151473009089386e-08 1.0
-0.0 8.938020101822985e-08 1.0
0.0 0.0 1.0
-1.305720420674561e-08 8.184159128177271e-08 1.0
0.0 7.430303838873442e-08 1.0
0.0 7.430303128330706e-08 1.0
-6.434841992586371e-08 3.7151473009089386e-08 1.0
-0.0 8.938020101822985e-08 1.0
0.0 0.0 1.0
-2.2345025385561712e-08 7.64792318364016e-08 1.0
0.0 7.430303838873442e-08 1.0
2.23451195324742e-08 7.647923894182895e-08 1.0
0.0 7.430303128330706e-08 1.0
-6.434841992586371e-08 3.7151473009089386e-08 1.0
-0.0 8.938020101822985e-08 1.0
0.0 0.0 1.0
-1.3057176673214599e-08 8.184159838720007e-08 1.0
0.0 7.430303838873442e-08 1.0
0.0 1.9073486612342094e-07 1.0
-3.8702680171809334e-08 6.703519517259338e-08 1.0
3.870303899589089e-08 -6.703487542836228e-08 -1.0
-3.870303899589089e-08 -6.703487542836228e-08 -1.0
-3.870303899589089e-08 -6.703487542836228e-08 -1.0
-0.0 1.9073486612342094e-07 1.0
0.0 0.0 1.0
-0.0 0.0 1.0
-0.0 0.0 1.0
1.10121476382119e-07 1.9073486612342094e-07 1.0
0.0 0.0 1.0
-0.0 0.0 1.0
0.0 0.0 1.0
3.303483424588194e-07 1.9073083024068183e-07 1.0
-4.030708211644196e-08 4.030708211644196e-08 1.0
-0.0 9.101923836851711e-08 1.0
0.0 0.0 1.0
-1.305720420674561e-08 8.184159128177271e-08 1.0
0.0 7.430303838873442e-08 1.0
0.0 0.0 1.0
-0.0 8.938020101822985e-08 1.0
0.0 8.938020101822985e-08 1.0
0.0 0.0 1.0
-1.305720420674561e-08 8.184159128177271e-08 1.0
0.0 7.430303838873442e-08 1.0
0.0 7.430303128330706e-08 1.0
-6.434841992586371e-08 3.7151473009089386e-08 1.0
-0.0 8.938020101822985e-08 1.0
0.0 1.9073486612342094e-07 1.0
-3.870222187174477e-08 6.703535149199524e-08 1.0
3.941282145092373e-08 -6.826423515349234e-08 -1.0
-3.870313491916022e-08 -6.703503885319151e-08 -1.0
-3.870222187174477e-08 -6.703535149199524e-08 -1.0
-0.0 1.9073486612342094e-07 1.0
0.0 0.0 1.0
0.0 0.0 1.0
0.0 0.0 1.0
1.10121476382119e-07 1.9073486612342094e-07 1.0
0.0 0.0 1.0
-0.0 0.0 1.0
0.0 0.0 1.0
3.303564142242976e-07 1.9073083024068183e-07 1.0
-4.030708211644196e-08 4.030708211644196e-08 1.0
0.0 7.430303128330706e-08 1.0
-6.434841992586371e-08 3.7151473009089386e-08 1.0
-0.0 8.938020101822985e-08 1.0
0.0 0.0 1.0
-1.305720420674561e-08 8.184159128177271e-08 1.0
0.0 7.430303838873442e-08 1.0
0.0 7.430303128330706e-08 1.0
-6.434841992586371e-08 3.7151473009089386e-08 1.0
-0.0 8.938020101822985e-08 1.0
0.0 0.0 1.0
-1.3057176673214599e-08 8.184159838720007e-08 1.0
0.0 7.430303838873442e-08 1.0
0.0 0.0 1.0
-0.0 7.430303838873442e-08 1.0
-3.8702680171809334e-08 6.703519517259338e-08 1.0
3.870303899589089e-08 -6.703487542836228e-08 -1.0
-3.870303899589089e-08 -6.703487542836228e-08 -1.0
-3.870303899589089e-08 -6.703487542836228e-08 -1.0
-0.0 1.9073486612342094e-07 1.0
0.0 0.0 1.0
-0.0 0.0 1.0
-0.0 0.0 1.0
1.10121476382119e-07 1.9073486612342094e-07 1.0
0.0 0.0 1.0
-0.0 0.0 1.0
0.0 0.0 1.0
3.303483424588194e-07 1.9073083024068183e-07 1.0
-4.030708211644196e-08 4.030708211644196e-08 1.0
-0.0 1.1213337103299637e-07 1.0
0.0 0.0 1.0
-1.305720420674561e-08 8.184159128177271e-08 1.0
0.0 7.430303838873442e-08 1.0
0.0 7.430303128330706e-08 1.0
-6.434841992586371e-08 3.7151473009089386e-08 1.0
-0.0 8.938020101822985e-08 1.0
0.0 0.0 1.0
-1.3057176673214599e-08 8.184159838720007e-08 1.0
0.0 7.430303838873442e-08 1.0
0.0 7.430303128330706e-08 1.0
-6.434841992586371e-08 3.7151473009089386e-08 1.0
-0.0 8.938020101822985e-08 1.0
0.0 1.9073486612342094e-07 1.0
-3.8702680171809334e-08 6.703519517259338e-08 1.0
4.855554180949184e-08 -8.409971741230038e-08 -1.0
-3.870303899589089e-08 -6.703487542836228e-08 -1.0
-3.870303899589089e-08 -6.703487542836228e-08 -1.0
-0.0 1.9073486612342094e-07 1.0
0.0 0.0 1.0
-0.0 0.0 1.0
-0.0 0.0 1.0
1.10121476382119e-07 1.9073486612342094e-07 1.0
0.0 0.0 1.0
-0.0 0.0 1.0
0.0 0.0 1.0
3.303483424588194e-07 1.9073083024068183e-07 1.0
-4.030708211644196e-08 4.030708211644196e-08 1.0
0.0 7.430303128330706e-08 1.0
-6.434841992586371e-08 3.7151473009089386e-08 1.0
-0.0 8.938020101822985e-08 1.0
0.0 0.0 1.0
-1.305720420674561e-08 8.184159128177271e-08 1.0
0.0 7.430303838873442e-08 1.0
0.0 7.430303128330706e-08 1.0
-6.434841992586371e-08 3.7151473009089386e-08 1.0
-0.0 8.938020101822985e-08 1.0
0.0 0.0 1.0
-1.3057176673214599e-08 8.184159838720007e-08 1.0
0.0 7.430303838873442e-08 1.0
0.0 0.0 1.0
-0.0 7.430303838873442e-08 1.0
-3.8702680171809334e-08 6.703519517259338e-08 1.0
3.870303899589089e-08 -6.703487542836228e-08 -1.0
-3.870303899589089e-08 -6.703487542836228e-08 -1.0
-3.870303899589089e-08 -6.703487542836228e-08 -1.0
-0.0 1.9073486612342094e-07 1.0
0.0 0.0 1.0
-0.0 0.0 1.0
-0.0 0.0 1.0
1.10121476382119e-07 1.9073486612342094e-07 1.0
0.0 0.0 1.0
-0.0 0.0 1.0
0.0 0.0 1.0
3.303483424588194e-07 1.9073083024068183e-07 1.0
-4.030708211644196e-08 4.030708211644196e-08 1.0
0.0 7.430303128330706e-08 1.0
-6.434841992586371e-08 3.7151473009089386e-08 1.0
-0.0 8.938020101822985e-08 1.0
0.0 0.0 1.0
-1.305720420674561e-08 8.184159128177271e-08 1.0
0.0 7.430303838873442e-08 1.0
0.0 7.430303128330706e-08 1.0
-6.434841992586371e-08 3.7151473009089386e-08 1.0
-0.0 8.938020101822985e-08 1.0
0.0 0.0 1.0
-1.3057176673214599e-08 8.184159838720007e-08 1.0
0.0 7.430303838873442e-08 1.0
0.0 0.0 1.0
-0.0 7.430303838873442e-08 1.0
2.6114411966204898e-08 7.430303838873442e-08 1.0
0.0 1.9073486612342094e-07 1.0
-3.8702680171809334e-08 6.703519517259338e-08 1.0
3.870303899589089e-08 -6.703487542836228e-08 -1.0
-3.870303899589089e-08 -6.703487542836228e-08 -1.0
-3.870303899589089e-08 -6.703487542836228e-08 -1.0
-0.0 1.9073486612342094e-07 1.0
0.0 0.0 1.0
-0.0 0.0 1.0
-0.0 0.0 1.0
1.10121476382119e-07 1.9073486612342094e-07 1.0
0.0 0.0 1.0
-0.0 0.0 1.0
0.0 0.0 1.0
3.303483424588194e-07 1.9073083024068183e-07 1.0
-4.030708211644196e-08 4.030708211644196e-08 1.0
0.0 7.430303128330706e-08 1.0
-6.434841992586371e-08 3.7151473009089386e-08 1.0
-0.0 8.938020101822985e-08 1.0
0.0 0.0 1.0
-1.305720420674561e-08 8.184159128177271e-08 1.0
0.0 7.430303838873442e-08 1.0
0.0 7.430303128330706e-08 1.0
-6.434841992586371e-08 3.7151473009089386e-08 1.0
-0.0 8.938020101822985e-08 1.0
0.0 0.0 1.0
-1.3057176673214599e-08 8.184159838720007e-08 1.0
0.0 7.430303838873442e-08 1.0
0.0 7.430303128330706e-08 1.0
-6.434841992586371e-08 3.7151473009089386e-08 1.0
-0.0 8.938020101822985e-08 1.0
0.0 0.0 1.0
-1.3057176673214599e-08 8.184159838720007e-08 1.0
0.0 7.430303838873442e-08 1.0
0.0 1.9073486612342094e-07 1.0
-3.8702680171809334e-08 6.703519517259338e-08 1.0
3.870303899589089e-08 -6.703487542836228e-08 -1.0
-3.870303899589089e-08 -6.703487542836228e-08 -1.0
-3.870303899589089e-08 -6.703487542836228e-08 -1.0
-0.0 1.9073486612342094e-07 1.0
0.0 0.0 1.0
-0.0 0.0 1.0
-0.0 0.0 1.0
1.10121476382119e-07 1.9073486612342094e-07 1.0
0.0 0.0 1.0
-0.0 0.0 1.0
0.0 0.0 1.0
3.303483424588194e-07 1.9073083024068183e-07 1.0
-4.030708211644196e-08 4.030708211644196e-08 1.0
0.0 1.9073486612342094e-07 1.0
0.0 0.0 1.0
-1.952661321524829e-08 7.810645286099316e-08 1.0
-2.6114411966204898e-08 7.430303838873442e-08 1.0
0.0 1.9073486612342094e-07 1.0
0.0 0.0 1.0
-1.952661321524829e-08 7.810645286099316e-08 1.0
0.0 1.9073486612342094e-07 1.0
0.0 0.0 1.0
-1.952661321524829e-08 7.810645286099316e-08 1.0
-0.0 6.277419828393249e-08 1.0
-7.603602369954388e-08 4.3899298418637045e-08 1.0
-9.711031623282906e-08 5.606650788081424e-08 1.0
-0.0 0.0 1.0
-0.0 0.0 1.0
0.0 1.022143720774693e-07 1.0
-3.3812308508629485e-09 8.742804169514784e-08 1.0
-3.303634059648175e-07 1.9073486612342094e-07 1.0
3.303634059648175e-07 1.9073486612342094e-07 1.0
-0.0 0.0 1.0
0.0 1.0221437918289666e-07 1.0
-4.426027189197157e-08 2.5553607230222042e-08 1.0
-2.5553717364346085e-08 9.536729095316332e-08 1.0
-0.0 -0.0 1.0
3.870286136020695e-08 6.703503885319151e-08 1.0
0.0 0.0 1.0
3.8702857807493274e-08 6.703503174776415e-08 1.0
0.0 -0.0 1.0
-3.303634059648175e-07 1.9073486612342094e-07 1.0
1.2092118595319334e-07 6.98136801702276e-08 1.0
-4.426027189197157e-08 2.5553607230222042e-08 1.0
0.0 0.0 1.0
3.303634059648175e-07 1.9073486612342094e-07 1.0
0.0 -0.0 1.0
0.0 6.98136801702276e-08 1.0
-1.2092118595319334e-07 6.98136801702276e-08 1.0
0.0 0.0 1.0
3.870286136020695e-08 6.703503885319151e-08 1.0
3.8702857807493274e-08 6.703503174776415e-08 1.0
0.0 0.0 1.0
0.0 1.022143720774693e-07 1.0
-3.3812308508629485e-09 8.742804169514784e-08 1.0
-1.8706614923758025e-08 6.98136801702276e-08 1.0
-3.303634059648175e-07 1.9073486612342094e-07 1.0
8.06139510700632e-08 8.06139510700632e-08 1.0
0.0 0.0 1.0
0.0 -0.0 1.0
-2.9506754373187505e-08 5.11071611697389e-08 1.0
0.0 0.0 1.0
3.303634059648175e-07 1.9073486612342094e-07 1.0
-6.981380096249268e-08 4.030690448075802e-08 1.0
6.981345990197951e-08 1.2092080226011603e-07 1.0
0.0 0.0 1.0
0.0 0.0 1.0
3.8702680171809334e-08 6.703519517259338e-08 1.0
3.8702680171809334e-08 6.703519517259338e-08 1.0
0.0 9.328450545353917e-08 1.0
-1.111471537029729e-08 8.296311904132381e-08 1.0
4.426027189197157e-08 2.5553607230222042e-08 1.0
-0.0 0.0 1.0
-3.303634059648175e-07 1.9073486612342094e-07 1.0
4.426027189197157e-08 2.5553607230222042e-08 1.0
1.8706616700114864e-08 6.98136801702276e-08 1.0
2.5553624993790436e-08 9.536730516401803e-08 1.0
4.426014399427913e-08 2.5553534399591626e-08 1.0
0.0 -0.0 1.0
-1.9073486612342094e-07 1.9073486612342094e-07 1.0
0.0 0.0 1.0
0.0 0.0 1.0
-3.8702680171809334e-08 6.703519517259338e-08 1.0
-3.870303899589089e-08 6.703487542836228e-08 1.0
3.381232183130578e-09 8.742803458972048e-08 1.0
0.0 1.022143720774693e-07 1.0
1.8706616700114864e-08 6.98136801702276e-08 1.0
-0.0 0.0 1.0
0.0 -0.0 1.0
-1.9073486612342094e-07 1.9073486612342094e-07 1.0
0.0 0.0 1.0
0.0 0.0 1.0
0.0 0.0 1.0
-3.8702680171809334e-08 6.703519517259338e-08 1.0
-3.303634059648175e-07 1.9073486612342094e-07 1.0
-3.870303899589089e-08 6.703487542836228e-08 1.0
3.381232183130578e-09 8.742803458972048e-08 1.0
0.0 1.022143720774693e-07 1.0
2.5553717364346085e-08 9.536729095316332e-08 1.0
-3.303634059648175e-07 1.9073486612342094e-07 1.0
3.381232183130578e-09 8.742803458972048e-08 1.0
2.5553717364346085e-08 9.536729095316332e-08 1.0
4.426027189197157e-08 2.5553607230222042e-08 1.0
-0.0 0.0 1.0
1.475344202361839e-08 5.5060304759990686e-08 1.0
3.303634059648175e-07 1.9073486612342094e-07 1.0
0.0 -0.0 1.0
-8.06139510700632e-08 8.06139510700632e-08 1.0
0.0 1.022143720774693e-07 1.0
0.0 0.0 1.0
0.0 0.0 1.0
0.0 0.0 1.0
-3.8702680171809334e-08 6.703519517259338e-08 1.0
0.0 0.0 1.0
0.0 0.0 1.0
2.0166355696460414e-08 7.773709143066299e-08 1.0
-0.0 0.0 1.0
-6.629046822581586e-08 5.1107182486020974e-08 1.0
2.9506923127087248e-08 5.110718603873465e-08 1.0
-1.10121476382119e-07 1.9073486612342094e-07 1.0
0.0 0.0 1.0
0.0 0.0 1.0
0.0 0.0 1.0
-0.0 1.9073486612342094e-07 1.0
0.0 0.0 1.0
0.0 1.9073486612342094e-07 1.0
-2.950676858404222e-08 5.110718603873465e-08 1.0
0.0 0.0 1.0
-0.0 5.110718603873465e-08 1.0
0.0 0.0 1.0
0.0 0.0 1.0
-0.0 0.0 1.0
-4.03069755350316e-08 4.03069755350316e-08 1.0
0.0 8.061395817549055e-08 1.0
0.0 0.0 1.0
-0.0 0.0 1.0
-0.0 0.0 1.0
1.9073486612342094e-07 1.9073486612342094e-07 1.0
0.0 1.9073486612342094e-07 1.0
-0.0 1.9073486612342094e-07 1.0
2.0166355696460414e-08 7.773709143066299e-08 1.0
-1.10121476382119e-07 1.9073486612342094e-07 1.0
-6.629046822581586e-08 5.1107182486020974e-08 1.0
-0.0 5.110718603873465e-08 1.0
0.0 0.0 1.0
0.0 0.0 1.0
-0.0 0.0 1.0
-4.03069755350316e-08 4.03069755350316e-08 1.0
0.0 8.061395817549055e-08 1.0
0.0 0.0 1.0
-0.0 0.0 1.0
-0.0 0.0 1.0
1.9073486612342094e-07 1.9073486612342094e-07 1.0
0.0 1.9073486612342094e-07 1.0
-0.0 1.9073486612342094e-07 1.0
2.0166355696460414e-08 7.773709143066299e-08 1.0
-1.10121476382119e-07 1.9073486612342094e-07 1.0
-6.629046822581586e-08 5.1107182486020974e-08 1.0
0.0 7.430303128330706e-08 1.0
-6.434835597701749e-08 3.715143392923892e-08 1.0
-0.0 8.938020101822985e-08 1.0
-0.0 7.430303128330706e-08 1.0
-6.434835597701749e-08 3.715143392923892e-08 1.0
0.0 8.938020101822985e-08 1.0
0.0 7.430303128330706e-08 1.0
-6.434835597701749e-08 3.715143392923892e-08 1.0
-0.0 8.938020101822985e-08 1.0
-0.0 7.430303128330706e-08 1.0
-6.434835597701749e-08 3.715143392923892e-08 1.0
0.0 8.938020101822985e-08 1.0
0.0 1.9073486612342094e-07 1.0
3.870286136020695e-08 -6.703503885319151e-08 -1.0
-3.870286136020695e-08 -6.703503885319151e-08 -1.0
-2.9506846743743154e-08 5.110718603873465e-08 1.0
0.0 0.0 1.0
0.0 0.0 1.0
1.101211921650247e-07 1.9073486612342094e-07 1.0
0.0 0.0 1.0
-5.110734235813652e-08 8.852022403971205e-08 1.0
0.0 0.0 1.0
0.0 0.0 1.0
