2 3 4
6 8 5
9 10 11
14 15 16
3 18 2
19 14 15
21 10 7
26 27 28
32 33 34
38 39 40
35 29 34
22 25 24
42 37 41
32 26 27
8 9 43
33 25 7
46 17 18
50 51 52
56 57 58
62 63 64
68 69 70
65 59 64
49 55 54
46 67 45
62 56 57
4 52 0
47 3 65
73 19 20
77 78 79
83 84 85
89 90 91
95 96 97
92 86 91
75 81 76
73 94 72
89 83 84
16 79 12
74 15 92
101 102 103
107 108 109
113 114 115
120 121 122
126 127 128
132 133 134
129 123 128
112 118 117
100 131 99
126 119 120
101 107 108
109 115 104
110 108 129
136 138 135
142 143 144
149 150 146
154 155 156
160 161 162
163 157 162
146 152 147
136 165 166
161 155 160
143 135 142
144 150 139
145 143 163
170 171 172
176 177 178
182 183 184
188 189 190
194 191 193
181 187 186
169 197 168
193 188 189
170 176 177
178 184 173
179 177 198
200 202 199
206 207 208
212 213 214
218 219 220
224 225 226
227 221 226
211 217 216
201 230 200
224 218 219
202 206 207
208 214 203
209 207 227
234 235 236
240 241 242
246 247 248
252 253 254
258 255 257
245 251 250
233 261 232
257 252 253
234 240 241
242 248 237
243 241 262
266 267 268
272 273 274
278 279 280
284 285 286
290 287 289
292 294 295
292 296 287
277 283 282
265 298 264
289 284 285
266 272 273
274 280 269
275 273 299
303 304 305
309 310 311
315 316 317
321 322 323
327 328 329
333 334 335
330 324 329
314 320 319
302 332 301
327 321 322
303 309 310
311 317 306
312 310 330
299 287 291
298 293 292
336 287 296
262 255 259
261 338 337
198 191 195
197 340 339
166 341 164
227 230 228
68 45 11
96 50 53
77 80 124
156 159 105
150 149 220
288 205 204
254 256 263
236 239 182
172 175 315
346 347 348
350 5 8
6 352 353
357 358 359
354 351 353
345 356 344
6 350 5
352 350 349
351 359 358
4 0 2
0 1 2
6 7 8
9 7 10
16 12 14
12 13 14
3 17 18
19 20 14
21 22 10
28 23 26
23 24 26
24 25 26
34 29 32
29 30 32
30 31 32
40 35 38
35 36 38
36 37 38
35 40 29
22 21 25
42 36 37
32 33 26
8 7 9
7 6 42
42 36 7
36 35 7
35 34 33
33 26 25
25 21 7
35 33 7
18 44 45
45 46 18
52 47 50
47 48 50
48 49 50
58 53 56
53 54 56
54 55 56
64 59 62
59 60 62
60 61 62
70 65 68
65 66 68
66 67 68
65 70 59
49 48 55
46 66 67
62 63 56
4 47 52
3 17 46
46 66 3
66 65 3
65 64 55
64 63 55
63 56 55
55 48 47
47 4 3
55 47 65
20 71 72
72 73 20
79 74 75
75 76 79
76 77 79
85 80 83
80 81 83
81 82 83
91 86 89
86 87 89
87 88 89
97 92 95
92 93 95
93 94 95
92 97 86
75 82 81
73 93 94
89 90 83
16 74 79
15 19 73
73 93 15
93 92 15
92 91 82
91 90 82
90 83 82
82 75 74
74 16 15
82 74 92
103 98 101
98 99 101
99 100 101
109 104 105
105 106 109
106 107 109
115 110 113
110 111 113
111 112 113
122 116 117
117 118 122
118 119 122
119 120 122
128 123 126
123 124 126
124 125 126
134 129 130
130 131 134
131 132 134
129 134 123
112 111 118
100 130 131
126 127 119
101 102 107
109 110 115
108 101 100
100 130 108
130 129 108
129 128 118
128 127 118
127 119 118
118 111 110
110 109 108
118 110 129
136 137 138
144 139 140
140 141 144
141 142 144
150 145 146
146 147 148
148 149 146
156 151 152
152 153 156
153 154 156
162 157 160
157 158 160
158 159 160
163 164 157
146 153 152
136 137 165
161 154 155
143 138 135
144 145 150
143 138 163
138 137 163
137 165 163
163 162 153
162 161 153
161 154 153
153 146 145
145 144 143
153 145 163
172 167 170
167 168 170
168 169 170
178 173 174
174 175 178
175 176 178
184 179 182
179 180 182
180 181 182
190 185 186
186 187 190
187 188 190
195 191 194
191 192 193
181 180 187
169 196 197
193 194 188
170 171 176
178 179 184
177 170 169
169 196 177
196 198 177
198 195 187
195 194 187
194 188 187
187 180 179
179 178 177
187 179 198
200 201 202
208 203 204
204 205 208
205 206 208
214 209 212
209 210 212
210 211 212
220 215 216
216 217 220
217 218 220
226 221 224
221 222 224
222 223 224
227 228 221
211 210 217
201 229 230
224 225 218
202 199 206
208 209 214
207 202 201
201 229 207
229 227 207
227 226 217
226 225 217
225 218 217
217 210 209
209 208 207
217 209 227
236 231 234
231 232 234
232 233 234
242 237 238
238 239 242
239 240 242
248 243 246
243 244 246
244 245 246
254 249 250
250 251 254
251 252 254
259 255 258
255 256 257
245 244 251
233 260 261
257 258 252
234 235 240
242 243 248
241 234 233
233 260 241
260 262 241
262 259 251
259 258 251
258 252 251
251 244 243
243 242 241
251 243 262
268 263 266
263 264 266
264 265 266
274 269 270
270 271 274
271 272 274
280 275 278
275 276 278
276 277 278
286 281 282
282 283 286
283 284 286
291 287 290
287 288 289
292 293 294
292 295 296
277 276 283
265 297 298
289 290 284
266 267 272
274 275 280
273 266 265
265 297 273
297 299 273
299 291 283
291 290 283
290 284 283
283 276 275
275 274 273
283 275 299
305 300 303
300 301 303
301 302 303
311 306 307
307 308 311
308 309 311
317 312 315
312 313 315
313 314 315
323 318 319
319 320 323
320 321 323
329 324 327
324 325 327
325 326 327
335 330 331
331 332 335
332 333 335
330 335 324
314 313 320
302 331 332
327 328 321
303 304 309
311 312 317
310 303 302
302 331 310
331 330 310
330 329 320
329 328 320
328 321 320
320 313 312
312 311 310
320 312 330
299 292 287
292 299 297
297 298 292
336 288 287
262 337 255
337 262 260
260 261 337
198 339 191
339 198 196
196 197 339
164 163 166
163 165 166
227 229 230
22 24 10
24 23 10
23 28 60
28 61 60
60 59 70
43 9 11
10 23 70
23 60 70
342 43 44
43 11 44
10 70 69
11 10 69
68 67 45
11 69 68
45 44 11
1 0 52
1 52 51
72 71 1
95 94 72
86 97 96
95 72 51
72 1 51
87 86 96
50 49 54
95 51 50
96 95 50
50 54 53
53 58 87
58 88 87
87 96 53
13 12 79
13 79 132
79 78 132
99 98 132
98 13 132
132 131 99
123 134 133
124 123 77
123 133 77
77 76 80
76 81 80
132 78 133
78 77 133
80 85 125
80 125 124
341 103 102
102 107 106
105 104 115
341 102 164
102 106 164
105 115 156
115 114 156
158 157 106
157 164 106
155 160 156
160 159 156
159 158 106
159 106 105
113 151 114
151 156 114
228 135 141
135 142 141
222 221 141
221 228 141
219 224 223
220 219 140
219 223 140
223 222 141
140 139 150
223 141 140
148 215 149
215 220 149
140 150 220
204 203 214
213 212 281
204 214 286
214 213 286
199 206 205
294 199 205
296 295 294
336 296 205
296 294 205
213 281 286
286 285 289
286 289 204
289 288 204
288 336 205
246 245 250
246 250 249
270 247 246
267 272 271
271 270 246
271 246 268
246 249 268
268 267 271
298 264 263
293 298 263
263 268 249
254 253 257
263 249 254
256 293 263
254 257 256
192 338 261
261 232 231
236 235 239
235 240 239
192 261 231
193 192 231
190 189 193
181 186 182
186 185 182
190 193 231
185 190 231
185 231 236
238 183 182
182 185 236
239 238 182
326 340 197
197 168 167
172 171 175
171 176 175
326 197 167
327 326 167
323 322 327
314 319 315
319 318 315
323 327 167
318 323 167
318 167 172
174 316 315
315 318 172
175 174 315
348 343 346
343 344 346
344 345 346
8 43 350
43 342 350
342 349 350
353 351 6
351 41 6
41 42 6
359 354 357
354 355 357
355 356 357
354 359 351
345 355 356
6 352 350
349 346 354
346 345 354
345 355 354
354 353 349
353 352 349
358 38 351
38 37 351
37 41 351
