-238.01254272460938 342.42620849609375 -5.00017786026001
-239.26254272460938 340.2611389160156 -5.00017786026001
-228.14715576171875 333.84368896484375 -5.000177383422852
-224.4420166015625 340.2611389160156 -5.00017786026001
-225.69203186035156 342.42620849609375 -5.00017786026001
-191.966064453125 321.5111389160156 -5.000176429748535
-189.80101013183594 320.2611389160156 -5.000176429748535
-193.216064453125 326.17620849609375 -5.000176906585693
-193.216064453125 323.67620849609375 -5.000176429748535
-205.53659057617188 326.17620849609375 -5.000176906585693
-200.62632751464844 339.0111389160156 -5.00017786026001
-206.78659057617188 328.3412780761719 -5.000176906585693
-270.4884948730469 361.17620849609375 -5.000179290771484
-271.7384948730469 359.0111389160156 -5.000179290771484
-260.62310791015625 352.59368896484375 -5.000178813934326
-256.91796875 359.0111389160156 -5.000179290771484
-258.16796875 361.17620849609375 -5.000179290771484
-222.27696228027344 339.0111389160156 -5.00017786026001
-225.9821014404297 332.59368896484375 -5.000177383422852
-254.75291442871094 357.7611389160156 -5.000179290771484
-258.45806884765625 351.3436584472656 -5.000178813934326
-191.966064453125 328.3412780761719 -5.000176906585693
-198.12632751464844 339.0111389160156 -5.00017786026001
-194.71127319335938 342.42620849609375 -5.00017786026001
-195.96127319335938 340.2611389160156 -5.00017786026001
-189.80101013183594 329.5912780761719 -5.000176906585693
-187.30101013183594 329.5912780761719 -5.000176906585693
-181.1407470703125 340.2611389160156 -5.00017786026001
-182.3907470703125 342.42620849609375 -5.00017786026001
-171.5654296875 326.17620849609375 -5.000176906585693
-170.3154296875 328.3412780761719 -5.000176906585693
-176.47569274902344 339.0111389160156 -5.00017786026001
-178.97569274902344 339.0111389160156 -5.00017786026001
-185.13595581054688 328.3412780761719 -5.000176906585693
-183.88595581054688 326.17620849609375 -5.000176906585693
-183.88595581054688 323.67620849609375 -5.000176429748535
-185.13595581054688 321.5111389160156 -5.000176429748535
-178.97569274902344 310.8412780761719 -5.000175476074219
-176.47569274902344 310.8412780761719 -5.000175476074219
-170.3154296875 321.5111389160156 -5.000176429748535
-171.5654296875 323.67620849609375 -5.000176429748535
-181.1407470703125 309.5912780761719 -5.000175476074219
-187.30101013183594 320.2611389160156 -5.000176429748535
-205.53659057617188 323.67620849609375 -5.000176429748535
-214.86669921875 326.17620849609375 -5.000176906585693
-213.61669921875 328.3412780761719 -5.000176906585693
-219.77696228027344 339.0111389160156 -5.00017786026001
-225.6920166015625 344.92620849609375 -5.000178337097168
-224.4420166015625 347.0912780761719 -5.000178337097168
-230.60227966308594 357.7611389160156 -5.000179290771484
-233.10227966308594 357.7611389160156 -5.000179290771484
-239.26254272460938 347.0912780761719 -5.000178337097168
-238.01254272460938 344.92620849609375 -5.000178337097168
-227.18722534179688 361.17620849609375 -5.000179290771484
-228.43722534179688 359.0111389160156 -5.000179290771484
-222.27696228027344 348.3412780761719 -5.000178337097168
-219.77696228027344 348.3412780761719 -5.000178337097168
-213.61669921875 359.0111389160156 -5.000179290771484
-214.86669921875 361.17620849609375 -5.000179290771484
-204.0413818359375 344.92620849609375 -5.000178337097168
-202.7913818359375 347.0912780761719 -5.000178337097168
-208.95164489746094 357.7611389160156 -5.000179290771484
-211.45164489746094 357.7611389160156 -5.000179290771484
-217.61190795898438 347.0912780761719 -5.000178337097168
-216.36190795898438 344.92620849609375 -5.000178337097168
-216.36190795898438 342.42620849609375 -5.00017786026001
-217.61190795898438 340.2611389160156 -5.00017786026001
-211.45164489746094 329.5912780761719 -5.000176906585693
-208.95164489746094 329.5912780761719 -5.000176906585693
-202.7913818359375 340.2611389160156 -5.00017786026001
-204.0413818359375 342.42620849609375 -5.00017786026001
-247.3426513671875 344.92620849609375 -5.000178337097168
-246.0926513671875 347.0912780761719 -5.000178337097168
-252.25291442871094 357.7611389160156 -5.000179290771484
-258.16796875 363.67620849609375 -5.000179767608643
-256.91796875 365.8412780761719 -5.000179767608643
-263.0782470703125 376.5111389160156 -5.000180721282959
-265.5782470703125 376.5111389160156 -5.000180721282959
-271.7384948730469 365.8412780761719 -5.000179767608643
-270.4884948730469 363.67620849609375 -5.000179767608643
-259.6631774902344 379.92620849609375 -5.000180721282959
-260.9131774902344 377.7611389160156 -5.000180721282959
-254.75291442871094 367.0912780761719 -5.000179767608643
-252.25291442871094 367.0912780761719 -5.000179767608643
-246.0926513671875 377.7611389160156 -5.000180721282959
-247.3426513671875 379.92620849609375 -5.000180721282959
-236.517333984375 363.67620849609375 -5.000179767608643
-235.267333984375 365.8412780761719 -5.000179767608643
-241.42759704589844 376.5111389160156 -5.000180721282959
-243.92759704589844 376.5111389160156 -5.000180721282959
-250.08786010742188 365.8412780761719 -5.000179767608643
-248.83786010742188 363.67620849609375 -5.000179767608643
-248.83786010742188 361.17620849609375 -5.000179290771484
-250.08786010742188 359.0111389160156 -5.000179290771484
-243.92759704589844 348.3412780761719 -5.000178337097168
-241.42759704589844 348.3412780761719 -5.000178337097168
-235.267333984375 359.0111389160156 -5.000179290771484
-236.517333984375 361.17620849609375 -5.000179290771484
-279.8186340332031 363.67620849609375 -5.000179767608643
-278.5686340332031 365.8412780761719 -5.000179767608643
-284.7288818359375 376.5111389160156 -5.000180721282959
-287.2288818359375 376.5111389160156 -5.000180721282959
-293.38916015625 365.8412780761719 -5.000179767608643
-292.13916015625 363.67620849609375 -5.000179767608643
-302.9644775390625 379.92620849609375 -5.000180721282959
-304.2144775390625 377.7611389160156 -5.000180721282959
-298.05419921875 367.0912780761719 -5.000179767608643
-295.55419921875 367.0912780761719 -5.000179767608643
-289.3939514160156 377.7611389160156 -5.000180721282959
-290.64398193359375 379.92620849609375 -5.000180721282959
-290.6439514160156 382.42620849609375 -5.000181198120117
-289.3939514160156 384.5912780761719 -5.000181198120117
-295.55419921875 395.2611389160156 -5.000182151794434
-298.05419921875 395.2611389160156 -5.000182151794434
-304.2144775390625 384.5912780761719 -5.000181198120117
-302.9644775390625 382.42620849609375 -5.000181198120117
-292.13916015625 398.67620849609375 -5.000182151794434
-293.38916015625 396.5111389160156 -5.000182151794434
-287.2288818359375 385.8412780761719 -5.000181198120117
-284.7288818359375 385.8412780761719 -5.000181198120117
-278.5686340332031 396.5111389160156 -5.000182151794434
-279.8186340332031 398.67620849609375 -5.000182151794434
-285.9788818359375 398.67620849609375 -5.000182151794434
-268.9933166503906 382.42620849609375 -5.000181198120117
-267.7433166503906 384.5912780761719 -5.000181198120117
-273.903564453125 395.2611389160156 -5.000182151794434
-276.403564453125 395.2611389160156 -5.000182151794434
-282.5638427734375 384.5912780761719 -5.000181198120117
-281.3138427734375 382.42620849609375 -5.000181198120117
-281.3138427734375 379.92620849609375 -5.000180721282959
-282.5638427734375 377.7611389160156 -5.000180721282959
-276.403564453125 367.0912780761719 -5.000179767608643
-273.903564453125 367.0912780761719 -5.000179767608643
-267.7433166503906 377.7611389160156 -5.000180721282959
-268.9933166503906 379.92620849609375 -5.000180721282959
-325.8651123046875 347.0912780761719 -5.000178337097168
-314.18017578125 352.52227783203125 -5.000178813934326
-317.204833984375 357.7611389160156 -5.000179290771484
-319.704833984375 357.7611389160156 -5.000179290771484
-335.4404296875 361.17620849609375 -5.000179290771484
-336.6904296875 359.0111389160156 -5.000179290771484
-330.5301513671875 348.3412780761719 -5.000178337097168
-328.0301513671875 348.3412780761719 -5.000178337097168
-321.86993408203125 359.0111389160156 -5.000179290771484
-323.11993408203125 361.17620849609375 -5.000179290771484
-323.1199035644531 363.67620849609375 -5.000179767608643
-321.86993408203125 365.8412780761719 -5.000179767608643
-328.0301513671875 376.5111389160156 -5.000180721282959
-330.5301513671875 376.5111389160156 -5.000180721282959
-336.6904296875 365.8412780761719 -5.000179767608643
-335.4404296875 363.67620849609375 -5.000179767608643
-324.6151123046875 379.92620849609375 -5.000180721282959
-325.8651123046875 377.7611389160156 -5.000180721282959
-319.704833984375 367.0912780761719 -5.000179767608643
-317.204833984375 367.0912780761719 -5.000179767608643
-311.04461669921875 377.7611389160156 -5.000180721282959
-312.29461669921875 379.92620849609375 -5.000180721282959
-301.4692687988281 363.67620849609375 -5.000179767608643
-300.2192687988281 365.8412780761719 -5.000179767608643
-306.3795166015625 376.5111389160156 -5.000180721282959
-308.8795166015625 376.5111389160156 -5.000180721282959
-315.039794921875 365.8412780761719 -5.000179767608643
-313.789794921875 363.67620849609375 -5.000179767608643
-313.789794921875 361.17620849609375 -5.000179290771484
-301.4692687988281 361.17620849609375 -5.000179290771484
-315.039794921875 359.0111389160156 -5.000179290771484
-311.9041748046875 353.58013916015625 -5.000178813934326
-377.2464904785156 232.42620849609375 -5.00016975402832
-375.9964904785156 234.59127807617188 -5.00016975402832
-382.15673828125 245.26113891601562 -5.000170707702637
-384.65673828125 245.26113891601562 -5.000170707702637
-390.8170166015625 234.59127807617188 -5.00016975402832
-389.5670166015625 232.42620849609375 -5.00016975402832
-400.392333984375 248.67620849609375 -5.000170707702637
-401.642333984375 246.51113891601562 -5.000170707702637
-395.4820556640625 235.84127807617188 -5.00016975402832
-392.9820556640625 235.84127807617188 -5.00016975402832
-386.8218078613281 246.51113891601562 -5.000170707702637
-388.07183837890625 248.67620849609375 -5.000170707702637
-388.0718078613281 251.17620849609375 -5.000171184539795
-386.8218078613281 253.34127807617188 -5.000171184539795
-392.9820556640625 264.0111389160156 -5.000172138214111
-395.4820556640625 264.0111389160156 -5.000172138214111
-401.642333984375 253.34127807617188 -5.000171184539795
-400.392333984375 251.17620849609375 -5.000171184539795
-389.5670166015625 267.42620849609375 -5.000172138214111
-390.8170166015625 265.2611389160156 -5.000172138214111
-384.65673828125 254.59127807617188 -5.000171184539795
-382.15673828125 254.59127807617188 -5.000171184539795
-375.9964904785156 265.2611389160156 -5.000172138214111
-377.2464904785156 267.42620849609375 -5.000172138214111
-371.3314208984375 251.17620849609375 -5.000171184539795
-371.3314208984375 264.0111389160156 -5.000172138214111
-373.8314208984375 264.0111389160156 -5.000172138214111
-379.99169921875 253.34127807617188 -5.000171184539795
-378.74169921875 251.17620849609375 -5.000171184539795
-379.99169921875 246.51113891601562 -5.000170707702637
-373.8314208984375 235.84127807617188 -5.00016975402832
-378.74169921875 248.67620849609375 -5.000170707702637
-358.341064453125 328.3412780761719 -5.000176906585693
-347.2256774902344 334.75872802734375 -5.000177383422852
-349.6807861328125 339.0111389160156 -5.00017786026001
-352.1807861328125 339.0111389160156 -5.00017786026001
-367.9163818359375 342.42620849609375 -5.00017786026001
-369.1663818359375 340.2611389160156 -5.00017786026001
-363.006103515625 329.5912780761719 -5.000176906585693
-360.506103515625 329.5912780761719 -5.000176906585693
-354.3458557128906 340.2611389160156 -5.00017786026001
-355.59588623046875 342.42620849609375 -5.00017786026001
-355.5958557128906 344.92620849609375 -5.000178337097168
-354.3458557128906 347.0912780761719 -5.000178337097168
-360.506103515625 357.7611389160156 -5.000179290771484
-363.006103515625 357.7611389160156 -5.000179290771484
-369.1663818359375 347.0912780761719 -5.000178337097168
-367.9163818359375 344.92620849609375 -5.000178337097168
-357.091064453125 361.17620849609375 -5.000179290771484
-358.341064453125 359.0111389160156 -5.000179290771484
-352.1807861328125 348.3412780761719 -5.000178337097168
-349.6807861328125 348.3412780761719 -5.000178337097168
-343.5205383300781 359.0111389160156 -5.000179290771484
-344.7705383300781 361.17620849609375 -5.000179290771484
-333.9452209472656 344.92620849609375 -5.000178337097168
-332.6952209472656 347.0912780761719 -5.000178337097168
-338.85546875 357.7611389160156 -5.000179290771484
-341.35546875 357.7611389160156 -5.000179290771484
-347.5157470703125 347.0912780761719 -5.000178337097168
-346.2657470703125 344.92620849609375 -5.000178337097168
-346.2657470703125 342.42620849609375 -5.00017786026001
-333.9452209472656 342.42620849609375 -5.00017786026001
-347.5157470703125 340.2611389160156 -5.00017786026001
-345.06060791015625 336.00872802734375 -5.000177383422852
-377.2464904785156 269.92620849609375 -5.0001726150512695
-375.9964904785156 272.0912780761719 -5.0001726150512695
-382.15673828125 282.7611389160156 -5.000173568725586
-384.65673828125 282.7611389160156 -5.000173568725586
-390.8170166015625 272.0912780761719 -5.0001726150512695
-389.5670166015625 269.92620849609375 -5.0001726150512695
-400.392333984375 286.17620849609375 -5.000173568725586
-401.642333984375 284.0111389160156 -5.000173568725586
-395.4820556640625 273.3412780761719 -5.0001726150512695
-392.9820556640625 273.3412780761719 -5.0001726150512695
-386.8218078613281 284.0111389160156 -5.000173568725586
-388.07183837890625 286.17620849609375 -5.000173568725586
-388.0718078613281 288.67620849609375 -5.000174045562744
-386.8218078613281 290.8412780761719 -5.000174045562744
-392.9820556640625 301.5111389160156 -5.0001749992370605
-395.4820556640625 301.5111389160156 -5.0001749992370605
-401.642333984375 290.8412780761719 -5.000174045562744
-400.392333984375 288.67620849609375 -5.000174045562744
-389.5670166015625 304.92620849609375 -5.0001749992370605
-390.8170166015625 302.7611389160156 -5.0001749992370605
-384.65673828125 292.0912780761719 -5.000174045562744
-382.15673828125 292.0912780761719 -5.000174045562744
-375.9964904785156 302.7611389160156 -5.0001749992370605
-377.2464904785156 304.92620849609375 -5.0001749992370605
-371.3314208984375 288.67620849609375 -5.000174045562744
-371.3314208984375 301.5111389160156 -5.0001749992370605
-373.8314208984375 301.5111389160156 -5.0001749992370605
-379.99169921875 290.8412780761719 -5.000174045562744
-378.74169921875 288.67620849609375 -5.000174045562744
-379.99169921875 284.0111389160156 -5.000173568725586
-373.8314208984375 273.3412780761719 -5.0001726150512695
-378.74169921875 286.17620849609375 -5.000173568725586
-377.2464904785156 307.42620849609375 -5.000175476074219
-375.9964904785156 309.5912780761719 -5.000175476074219
-382.15673828125 320.2611389160156 -5.000176429748535
-384.65673828125 320.2611389160156 -5.000176429748535
-390.8170166015625 309.5912780761719 -5.000175476074219
-389.5670166015625 307.42620849609375 -5.000175476074219
-400.392333984375 323.67620849609375 -5.000176429748535
-401.642333984375 321.5111389160156 -5.000176429748535
-395.4820556640625 310.8412780761719 -5.000175476074219
-392.9820556640625 310.8412780761719 -5.000175476074219
-386.8218078613281 321.5111389160156 -5.000176429748535
-388.07183837890625 323.67620849609375 -5.000176429748535
-388.0718078613281 326.17620849609375 -5.000176906585693
-386.8218078613281 328.3412780761719 -5.000176906585693
-392.9820556640625 339.0111389160156 -5.00017786026001
-395.4820556640625 339.0111389160156 -5.00017786026001
-401.642333984375 328.3412780761719 -5.000176906585693
-400.392333984375 326.17620849609375 -5.000176906585693
-389.5670166015625 342.42620849609375 -5.00017786026001
-390.8170166015625 340.2611389160156 -5.00017786026001
-384.65673828125 329.5912780761719 -5.000176906585693
-382.15673828125 329.5912780761719 -5.000176906585693
-375.9964904785156 340.2611389160156 -5.00017786026001
-377.2464904785156 342.42620849609375 -5.00017786026001
-371.3314208984375 326.17620849609375 -5.000176906585693
-371.3314208984375 339.0111389160156 -5.00017786026001
-373.8314208984375 339.0111389160156 -5.00017786026001
-379.99169921875 328.3412780761719 -5.000176906585693
-378.74169921875 326.17620849609375 -5.000176906585693
-371.3314208984375 323.67620849609375 -5.000176429748535
-371.3314208984375 310.8412780761719 -5.000175476074219
-365.1711730957031 321.5111389160156 -5.000176429748535
-366.4211730957031 323.67620849609375 -5.000176429748535
-366.4211730957031 326.17620849609375 -5.000176906585693
-379.99169921875 321.5111389160156 -5.000176429748535
-373.8314208984375 310.8412780761719 -5.000175476074219
-378.74169921875 323.67620849609375 -5.000176429748535
-377.2464904785156 194.92620849609375 -5.000166893005371
-375.9964904785156 197.09127807617188 -5.000166893005371
-382.15673828125 207.76113891601562 -5.0001678466796875
-384.65673828125 207.76113891601562 -5.0001678466796875
-390.8170166015625 197.09127807617188 -5.000166893005371
-389.5670166015625 194.92620849609375 -5.000166893005371
-400.392333984375 211.17620849609375 -5.0001678466796875
-401.642333984375 209.01113891601562 -5.0001678466796875
-395.4820556640625 198.34127807617188 -5.000166893005371
-392.9820556640625 198.34127807617188 -5.000166893005371
-386.8218078613281 209.01113891601562 -5.0001678466796875
-388.07183837890625 211.17620849609375 -5.0001678466796875
-388.0718078613281 213.67620849609375 -5.000168323516846
-386.8218078613281 215.84127807617188 -5.000168323516846
-392.9820556640625 226.51113891601562 -5.000169277191162
-395.4820556640625 226.51113891601562 -5.000169277191162
-401.642333984375 215.84127807617188 -5.000168323516846
-400.392333984375 213.67620849609375 -5.000168323516846
-389.5670166015625 229.92620849609375 -5.000169277191162
-390.8170166015625 227.76113891601562 -5.000169277191162
-384.65673828125 217.09127807617188 -5.000168323516846
-382.15673828125 217.09127807617188 -5.000168323516846
-375.9964904785156 227.76113891601562 -5.000169277191162
-377.2464904785156 229.92620849609375 -5.000169277191162
-366.4211730957031 213.67620849609375 -5.000168323516846
-365.1711730957031 215.84127807617188 -5.000168323516846
-371.3314208984375 226.51113891601562 -5.000169277191162
-373.8314208984375 226.51113891601562 -5.000169277191162
-379.99169921875 215.84127807617188 -5.000168323516846
-378.74169921875 213.67620849609375 -5.000168323516846
-378.74169921875 211.17620849609375 -5.0001678466796875
-379.99169921875 209.01113891601562 -5.0001678466796875
-373.8314208984375 198.34127807617188 -5.000166893005371
-371.3314208984375 198.34127807617188 -5.000166893005371
-365.1711730957031 209.01113891601562 -5.0001678466796875
-366.4211730957031 211.17620849609375 -5.0001678466796875
-365.1711730957031 328.3412780761719 -5.000176906585693
-371.3314208984375 286.17620849609375 -5.000173568725586
-371.3314208984375 273.3412780761719 -5.0001726150512695
-371.3314208984375 248.67620849609375 -5.000170707702637
-371.3314208984375 235.84127807617188 -5.00016975402832
-300.2192687988281 359.0111389160156 -5.000179290771484
-206.78659057617188 321.5111389160156 -5.000176429748535
-193.216064453125 288.67620849609375 -5.000174045562744
-191.966064453125 290.8412780761719 -5.000174045562744
-198.12632751464844 301.5111389160156 -5.0001749992370605
-200.62632751464844 301.5111389160156 -5.0001749992370605
-206.78659057617188 290.8412780761719 -5.000174045562744
-205.53659057617188 288.67620849609375 -5.000174045562744
-200.62632751464844 310.8412780761719 -5.000175476074219
-198.12632751464844 310.8412780761719 -5.000175476074219
-182.3907470703125 307.42620849609375 -5.000175476074219
-195.96127319335938 309.5912780761719 -5.000175476074219
-194.71127319335938 307.42620849609375 -5.000175476074219
-194.71127319335938 304.92620849609375 -5.0001749992370605
-195.96127319335938 302.7611389160156 -5.0001749992370605
-189.80101013183594 292.0912780761719 -5.000174045562744
-187.30101013183594 292.0912780761719 -5.000174045562744
-181.1407470703125 302.7611389160156 -5.0001749992370605
-182.3907470703125 304.92620849609375 -5.0001749992370605
