7.740553087387525e-08 4.468997971684985e-08 1.0
7.740505481024229e-08 4.469024972308944e-08 1.0
-3.8146868064359296e-07 2.2024163115474948e-07 1.0
7.740553087387525e-08 4.468997971684985e-08 1.0
-3.8146868064359296e-07 2.2024163115474948e-07 1.0
7.740553087387525e-08 4.468997971684985e-08 1.0
-0.0 0.0 1.0
2.9166042736505915e-07 2.5777086420930573e-07 1.0
3.870286136020695e-08 -6.703503885319151e-08 -1.0
2.9166042736505915e-07 -2.5777086420930573e-07 -1.0
-3.8702857807493274e-08 -6.703503174776415e-08 -1.0
-0.0 0.0 1.0
0.0 0.0 1.0
0.0 7.430303128330706e-08 1.0
-6.434835597701749e-08 3.715143392923892e-08 1.0
-0.0 8.938020101822985e-08 1.0
0.0 0.0 1.0
-1.3057191772247734e-08 8.184159838720007e-08 1.0
0.0 7.430303838873442e-08 1.0
0.0 7.430303128330706e-08 1.0
3.1712050940768677e-07 2.573929691607191e-07 1.0
-0.0 0.0 1.0
-0.0 7.430303128330706e-08 1.0
-6.434835597701749e-08 3.715143392923892e-08 1.0
0.0 8.938020101822985e-08 1.0
0.0 7.430303128330706e-08 1.0
3.1712050940768677e-07 2.573929691607191e-07 1.0
-0.0 0.0 1.0
-0.0 7.430303128330706e-08 1.0
-6.434835597701749e-08 3.715143392923892e-08 1.0
0.0 8.938020101822985e-08 1.0
0.0 0.0 1.0
0.0 0.0 1.0
3.870286136020695e-08 -6.703503885319151e-08 -1.0
0.0 0.0 -1.0
-3.870286136020695e-08 -6.703503885319151e-08 -1.0
-0.0 0.0 1.0
0.0 0.0 1.0
-0.0 0.0 1.0
-0.0 0.0 1.0
-1.6122832846576785e-07 0.0 1.0
1.3962747402729292e-07 5.210957851886633e-07 1.0
-0.0 0.0 1.0
-3.8147052805470594e-07 6.607235718547599e-07 1.0
0.0 -0.0 1.0
5.901361888049905e-08 2.2024138957021933e-07 1.0
