-95.08787536621094 365.1593017578125 -15.000179290771484
-93.83787536621094 367.3243713378906 -15.000179290771484
-99.99813842773438 377.9942321777344 -15.0001802444458
-102.49813842773438 377.9942321777344 -15.0001802444458
-108.65840148925781 367.3243713378906 -15.000179290771484
-107.40840148925781 365.1593017578125 -15.000179290771484
-118.23371887207031 381.4093017578125 -15.0001802444458
-119.48371887207031 379.2442321777344 -15.0001802444458
-113.32345581054688 368.5743713378906 -15.000179290771484
-110.82345581054688 368.5743713378906 -15.000179290771484
-104.66319274902344 379.2442321777344 -15.0001802444458
-105.9132080078125 381.4093017578125 -15.0001802444458
-105.91319274902344 383.9093017578125 -15.0001802444458
-104.66319274902344 386.0743713378906 -15.000181198120117
-110.82345581054688 396.7442321777344 -15.000181198120117
-113.32345581054688 396.7442321777344 -15.000181198120117
-119.48371887207031 386.0743713378906 -15.000181198120117
-118.23371887207031 383.9093017578125 -15.0001802444458
-107.40840148925781 400.1593017578125 -15.000182151794434
-108.65840148925781 397.9942321777344 -15.000182151794434
-102.49813842773438 387.3243713378906 -15.000181198120117
-99.99813842773438 387.3243713378906 -15.000181198120117
-93.83787536621094 397.9942321777344 -15.000182151794434
-95.08787536621094 400.1593017578125 -15.000182151794434
-84.26255798339844 383.9093017578125 -15.0001802444458
-83.01255798339844 386.0743713378906 -15.000181198120117
-89.17282104492188 396.7442321777344 -15.000181198120117
-91.67282104492188 396.7442321777344 -15.000181198120117
-97.83308410644531 386.0743713378906 -15.000181198120117
-96.58308410644531 383.9093017578125 -15.0001802444458
-96.58308410644531 381.4093017578125 -15.0001802444458
-97.83308410644531 379.2442321777344 -15.0001802444458
-91.67282104492188 368.5743713378906 -15.000179290771484
-89.17282104492188 368.5743713378906 -15.000179290771484
-83.01255798339844 379.2442321777344 -15.0001802444458
-84.26255798339844 381.4093017578125 -15.0001802444458
