-4.891234444380499e-13 -7.549775915549617e-08 -1.0
0.0 -7.036506133317744e-08 -1.0
-0.0 -7.549751757096601e-08 -1.0
0.0 -7.036506133317744e-08 -1.0
0.0 2.1840600084033213e-07 -1.0
0.0 -7.818340463927598e-08 -1.0
0.0 0.16216857731342316 -0.9867631196975708
0.0 0.16216857731342316 -0.9867631196975708
0.0 0.16180190443992615 -0.9868232011795044
0.16105009615421295 -8.0585394357513e-08 -0.9869462847709656
0.16105177998542786 0.0007701992872171104 -0.986945629119873
0.16180197894573212 -9.71537659211208e-08 -0.9868232011795044
0.0 -7.549799363459897e-08 -1.0
7.157904369052559e-13 -7.549823521912913e-08 -1.0
2.049867166200453e-13 -7.549792968575275e-08 -1.0
-0.0 -7.036506133317744e-08 -1.0
0.0 -7.549751757096601e-08 -1.0
0.0 -7.549751757096601e-08 -1.0
0.0 -7.549751757096601e-08 -1.0
-0.0 -7.036506133317744e-08 -1.0
2.9871006290704827e-07 -7.818340463927598e-08 -1.0
-0.0 -7.818340463927598e-08 -1.0
-0.00037750069168396294 0.16180188953876495 -0.9868231415748596
0.0 0.16180190443992615 -0.9868232011795044
0.16180197894573212 -7.450294248201317e-08 -0.9868232011795044
0.1618020385503769 -6.943788122271144e-08 -0.9868232011795044
