-89.47998809814453 79.13580322265625 -0.00015797457308508456
-89.47998046875 140.1253662109375 -0.00016257916286122054
-89.47998046875 170.62014770507812 -0.00016488145047333091
-89.47998046875 201.11492919921875 -0.00016718375263735652
-69.47998046875 221.11492919921875 -0.00016869370301719755
-69.47998809814453 79.13580322265625 -0.00015797457308508456
-150.46954345703125 79.13580322265625 -5.000158309936523
-211.4591064453125 79.13580322265625 -5.000158309936523
-211.4591064453125 140.1253662109375 -5.000162601470947
-150.46954345703125 140.1253662109375 -5.000162601470947
-119.97476196289062 201.11492919921875 -0.00016718375263735652
-150.46954345703125 201.11492919921875 -0.00016718375263735652
-211.4591064453125 201.11492919921875 -0.00016718375263735652
-211.4591064453125 221.11492919921875 -0.00016869370301719755
-119.97476196289062 79.13580322265625 -5.000158309936523
-119.97476196289062 140.1253662109375 -5.000162601470947
-150.46954345703125 170.62014770507812 -5.000164985656738
-120.12089538574219 170.69100952148438 -5.000155925750732
-211.4591064453125 170.62014770507812 -5.000164985656738
