0.0 7.549790836947068e-08 1.0
0.0 7.549791547489804e-08 1.0
-2.983383871435312e-14 7.549790126404332e-08 1.0
3.4095813737471115e-14 7.549790126404332e-08 1.0
0.0 7.549791547489804e-08 1.0
-5.561105876738647e-15 7.549789415861596e-08 1.0
0.0 7.549787994776125e-08 1.0
7.751052810657175e-14 7.549794389660747e-08 1.0
-7.381970909385322e-15 -7.549790836947068e-08 -1.0
-1.1072940693968459e-14 -7.549789415861596e-08 -1.0
0.0 -7.549790836947068e-08 -1.0
-2.7682322088767993e-15 7.549787994776125e-08 1.0
0.0 7.549790126404332e-08 1.0
-0.0 7.549790126404332e-08 1.0
4.261975023117995e-15 7.549790126404332e-08 1.0
-2.460452834854819e-15 7.549791547489804e-08 1.0
0.0 7.549790126404332e-08 1.0
-0.0 7.549790126404332e-08 1.0
0.0 7.54979225803254e-08 1.0
5.751456626359791e-15 7.549790126404332e-08 1.0
-0.0 7.549789415861596e-08 1.0
-0.0 7.549784442062446e-08 1.0
-1.1502912405686634e-14 7.549791547489804e-08 1.0
0.0 7.549790836947068e-08 1.0
0.0 7.549790836947068e-08 1.0
-0.0 7.549790126404332e-08 1.0
0.0 7.549790126404332e-08 1.0
-2.4604500819977405e-15 7.549791547489804e-08 1.0
0.0 7.549790126404332e-08 1.0
-1.2785922528255143e-14 7.549790126404332e-08 1.0
-2.460443729250636e-15 7.549787284233389e-08 1.0
-5.5364648412700723e-14 7.54978870531886e-08 1.0
0.0 -7.549790836947068e-08 -1.0
-4.060079637942249e-14 -7.54978870531886e-08 -1.0
-1.1072931376606039e-14 -7.549789415861596e-08 -1.0
-0.0 7.54978870531886e-08 1.0
