21.89582633972168 4.084936141967773 -3.0840411113786104e-07
23.14582633972168 6.25 -4.718618811239139e-07
16.985570907592773 16.919872283935547 -1.2774148672178853e-06
14.48557186126709 16.919872283935547 -1.2774148672178853e-06
8.3253173828125 6.25 -4.718618811239139e-07
9.5753173828125 4.084936141967773 -3.0840411113786104e-07
-1.2500009536743164 20.33493423461914 -1.5352449054262252e-06
-2.4999990463256836 18.169872283935547 -1.3717872207053006e-06
3.6602540016174316 7.499998092651367 -5.662341209244914e-07
6.160254001617432 7.499998092651367 -5.662341209244914e-07
12.320507049560547 18.169872283935547 -1.3717872207053006e-06
11.070507049560547 20.334936141967773 -1.5352450191130629e-06
11.070507049560547 22.834936141967773 -1.7239897260878934e-06
12.320508003234863 24.999998092651367 -1.887447410808818e-06
6.160254001617432 35.66987228393555 -2.6930003969027894e-06
3.6602540016174316 35.66987228393555 -2.6930003969027894e-06
-2.4999990463256836 24.999998092651367 -1.887447410808818e-06
-1.2499990463256836 22.834936141967773 -1.7239897260878934e-06
9.5753173828125 39.084938049316406 -2.9508307761716424e-06
8.325318336486816 36.91987228393555 -2.78737297776388e-06
14.485572814941406 26.249998092651367 -1.9818196506093955e-06
16.985572814941406 26.249998092651367 -1.9818196506093955e-06
23.145824432373047 36.91987609863281 -2.7873732051375555e-06
21.895824432373047 39.084938049316406 -2.9508307761716424e-06
32.72114181518555 22.834936141967773 -1.7239897260878934e-06
33.97114181518555 25.0 -1.8874475244956557e-06
27.81088638305664 35.66987609863281 -2.6930008516501402e-06
25.31088638305664 35.66987609863281 -2.6930008516501402e-06
19.150634765625 25.0 -1.8874475244956557e-06
20.400634765625 22.834936141967773 -1.7239897260878934e-06
20.400630950927734 20.33493423461914 -1.5352449054262252e-06
19.150630950927734 18.169870376586914 -1.3717871070184628e-06
25.31088638305664 7.499997138977051 -5.662340640810726e-07
27.81088638305664 7.499997138977051 -5.662340640810726e-07
33.97114181518555 18.169872283935547 -1.3717872207053006e-06
32.72114181518555 20.334936141967773 -1.5352450191130629e-06
