-95.08787536621094 440.1593017578125 -15.000185012817383
-93.83787536621094 442.3243713378906 -15.000185012817383
-99.99813842773438 452.9942321777344 -15.0001859664917
-102.49813842773438 452.9942321777344 -15.0001859664917
-108.65840148925781 442.3243713378906 -15.000185012817383
-107.40840148925781 440.1593017578125 -15.000185012817383
-118.23371887207031 456.4093017578125 -15.0001859664917
-119.48371887207031 454.2442321777344 -15.0001859664917
-113.32345581054688 443.5743713378906 -15.000185012817383
-110.82345581054688 443.5743713378906 -15.000185012817383
-104.66319274902344 454.2442321777344 -15.0001859664917
-105.9132080078125 456.4093017578125 -15.0001859664917
-105.91319274902344 458.9093017578125 -15.0001859664917
-104.66319274902344 461.0743713378906 -15.000186920166016
-110.82345581054688 471.7442321777344 -15.000186920166016
-113.32345581054688 471.7442321777344 -15.000186920166016
-119.48371887207031 461.0743713378906 -15.000186920166016
-118.23371887207031 458.9093017578125 -15.0001859664917
-107.40840148925781 475.1593017578125 -15.000187873840332
-108.65840148925781 472.9942321777344 -15.000186920166016
-102.49813842773438 462.3243713378906 -15.000186920166016
-99.99813842773438 462.3243713378906 -15.000186920166016
-93.83787536621094 472.9942321777344 -15.000186920166016
-95.08787536621094 475.1593017578125 -15.000187873840332
-84.26255798339844 458.9093017578125 -15.0001859664917
-83.01255798339844 461.0743713378906 -15.000186920166016
-89.17282104492188 471.7442321777344 -15.000186920166016
-91.67282104492188 471.7442321777344 -15.000186920166016
-97.83308410644531 461.0743713378906 -15.000186920166016
-96.58308410644531 458.9093017578125 -15.0001859664917
-96.58308410644531 456.4093017578125 -15.0001859664917
-97.83308410644531 454.2442321777344 -15.0001859664917
-91.67282104492188 443.5743713378906 -15.000185012817383
-89.17282104492188 443.5743713378906 -15.000185012817383
-83.01255798339844 454.2442321777344 -15.0001859664917
-84.26255798339844 456.4093017578125 -15.0001859664917
