4.065449799722787e-12 7.550237057785125e-08 1.0
0.0 7.549778047177824e-08 1.0
0.0 7.549783020976975e-08 1.0
0.0 7.549783020976975e-08 1.0
-0.0 7.54979225803254e-08 1.0
-0.0 7.54979225803254e-08 1.0
-0.0 7.54979225803254e-08 1.0
0.0 -7.54979225803254e-08 -1.0
-9.44890433257628e-13 -7.54979225803254e-08 -1.0
0.0 -7.54980220563084e-08 -1.0
0.0 -7.54979225803254e-08 -1.0
0.0 -7.549792968575275e-08 -1.0
-0.0 7.549783020976975e-08 1.0
-1.5294029064027992e-12 7.550104896836274e-08 1.0
-1.529402797982582e-12 7.550104896836274e-08 1.0
0.0 7.55011555497731e-08 1.0
0.0 -7.54979225803254e-08 -1.0
-0.0 7.549801495088104e-08 1.0
-0.0 7.549801495088104e-08 1.0
-0.0 7.54979225803254e-08 1.0
0.0 -7.54979225803254e-08 -1.0
0.0 -7.549683544993968e-08 -1.0
0.0 -7.549684255536704e-08 -1.0
0.0 -7.549682834451232e-08 -1.0
0.0 7.549783020976975e-08 1.0
3.5802762664294274e-13 -7.549983394028459e-08 -1.0
0.0 7.55011555497731e-08 1.0
4.392281080945609e-13 7.549977709686573e-08 1.0
3.5802762664294274e-13 -7.549983394028459e-08 -1.0
-2.7793043474305668e-12 7.549438407750131e-08 1.0
0.0 -7.549683544993968e-08 -1.0
0.0 -7.549684255536704e-08 -1.0
-0.0 7.54995141960535e-08 1.0
-3.6185995606202725e-12 7.550160319169663e-08 1.0
-1.9554136955479695e-12 7.55011555497731e-08 1.0
0.0 7.549952130148085e-08 1.0
2.84294528023199e-12 7.55011555497731e-08 1.0
-0.0 7.549778047177824e-08 1.0
-0.0 7.549783020976975e-08 1.0
-0.0 7.549783020976975e-08 1.0
0.0 7.54979225803254e-08 1.0
0.0 7.54979225803254e-08 1.0
0.0 7.54979225803254e-08 1.0
-0.0 -7.54979225803254e-08 -1.0
0.0 -7.549801495088104e-08 -1.0
4.608041379028371e-13 -7.54979225803254e-08 -1.0
0.0 -7.549791547489804e-08 -1.0
-0.0 -7.54979225803254e-08 -1.0
0.0 7.549783020976975e-08 1.0
4.065449799722787e-12 7.550237057785125e-08 1.0
-0.0 7.549533620476723e-08 1.0
-1.9554132618671005e-12 7.55011555497731e-08 1.0
0.0 7.55011555497731e-08 1.0
6.021935337538475e-13 7.549891734015546e-08 1.0
4.065449799722787e-12 7.550237057785125e-08 1.0
-0.0 7.549533620476723e-08 1.0
-1.9554136955479695e-12 7.55011555497731e-08 1.0
0.0 7.55011555497731e-08 1.0
6.021935337538475e-13 7.549891734015546e-08 1.0
0.0 7.5500636853576e-08 1.0
-0.0 7.54995141960535e-08 1.0
-2.136226525534246e-12 7.549906655412997e-08 1.0
-7.474764080264706e-13 7.550046632331942e-08 1.0
0.0 -7.54979225803254e-08 -1.0
0.0 7.549801495088104e-08 1.0
0.0 7.549801495088104e-08 1.0
0.0 7.54979225803254e-08 1.0
-0.0 -7.54979225803254e-08 -1.0
0.0 -7.549683544993968e-08 -1.0
0.0 -7.549684255536704e-08 -1.0
0.0 -7.549682834451232e-08 -1.0
-0.0 7.549783020976975e-08 1.0
3.6015686960544357e-12 -7.550158187541456e-08 -1.0
0.0 -7.54979723183169e-08 -1.0
-3.6015686960544357e-12 -7.550158187541456e-08 -1.0
2.6365487484220074e-12 -7.549533620476723e-08 -1.0
-1.5222133449566133e-12 -7.549533620476723e-08 -1.0
0.0 -7.549685676622175e-08 -1.0
0.0 -7.550697489477898e-08 -1.0
0.0 -7.550697489477898e-08 -1.0
6.268653673403846e-13 -7.549881786417245e-08 -1.0
-0.0 -7.549533620476723e-08 -1.0
-2.329753360716391e-12 -7.550116976062782e-08 -1.0
-1.9300797939048042e-12 -7.550060843186657e-08 -1.0
-6.589645929616639e-12 -7.548896974185482e-08 -1.0
0.0 -7.550697489477898e-08 -1.0
-3.6015686960544357e-12 -7.550158187541456e-08 -1.0
2.6365487484220074e-12 -7.549533620476723e-08 -1.0
1.3182702542427482e-12 -7.549761704694902e-08 -1.0
0.0 -7.549685676622175e-08 -1.0
-7.203198107430531e-12 -7.549533620476723e-08 -1.0
0.0 -7.550698200020634e-08 -1.0
-1.2296265568256803e-11 -7.548567992898825e-08 -1.0
1.902953055549217e-12 -7.549987657284873e-08 -1.0
2.0035618129854438e-12 -7.549886760216395e-08 -1.0
-7.354118399319209e-13 -7.549728309186321e-08 -1.0
-1.6894691483478053e-13 -7.54959614823747e-08 -1.0
-0.0 -7.549533620476723e-08 -1.0
2.779284398110593e-12 -7.549437697207395e-08 -1.0
-1.151580783856354e-12 -7.549883207502717e-08 -1.0
-1.3182702542427482e-12 -7.550025316049869e-08 -1.0
1.5222133449566133e-12 -7.549533620476723e-08 -1.0
0.0 -7.549533620476723e-08 -1.0
3.6015686960544357e-12 -7.550158187541456e-08 -1.0
-2.6365487484220074e-12 -7.549533620476723e-08 -1.0
0.0 -7.549685676622175e-08 -1.0
0.0 -7.550697489477898e-08 -1.0
-0.0 -7.550697489477898e-08 -1.0
2.8740033356650097e-12 -7.55011555497731e-08 -1.0
0.0 -7.549949998519878e-08 -1.0
-1.6867013157267213e-13 -7.550012526280625e-08 -1.0
1.4576511655692292e-12 -7.550077896212315e-08 -1.0
-0.0 -7.549533620476723e-08 -1.0
3.5987307426578463e-13 -7.549981972942987e-08 -1.0
-1.6757100264677693e-12 -7.549373748361177e-08 -1.0
-1.4576435761540218e-12 -7.549785863147918e-08 -1.0
-3.8504315296068736e-13 -7.549972025344687e-08 -1.0
0.0 -7.55011555497731e-08 -1.0
-0.0 -7.549533620476723e-08 -1.0
1.4880600007413647e-12 -7.550088554353351e-08 -1.0
-8.591283609006573e-13 -7.549682123908497e-08 -1.0
0.0 -7.549277825091849e-08 -1.0
-0.0 -7.549277825091849e-08 -1.0
1.6757017865312585e-12 -7.549374458903912e-08 -1.0
-3.6015686960544357e-12 -7.550158187541456e-08 -1.0
2.6365487484220074e-12 -7.549533620476723e-08 -1.0
1.3182702542427482e-12 -7.549761704694902e-08 -1.0
0.0 -7.549685676622175e-08 -1.0
-7.203198107430531e-12 -7.549533620476723e-08 -1.0
0.0 -7.550697489477898e-08 -1.0
-7.104500906844613e-13 -7.549894576186489e-08 -1.0
6.592002551458753e-12 -7.548897684728217e-08 -1.0
6.678518957477231e-13 -7.549752467639337e-08 -1.0
-2.7446014211340852e-12 -7.54984412765225e-08 -1.0
-0.0 -7.549533620476723e-08 -1.0
2.178670221661405e-12 -7.550128344746554e-08 -1.0
2.0811813643967225e-12 -7.55011555497731e-08 -1.0
-3.580264611256073e-13 -7.549982683485723e-08 -1.0
-0.0 -7.549533620476723e-08 -1.0
-1.6757017865312585e-12 -7.549374458903912e-08 -1.0
1.9554132618671005e-12 -7.55011555497731e-08 -1.0
3.5987199006361215e-13 -7.549981972942987e-08 -1.0
-1.6757016781110412e-12 -7.549373748361177e-08 -1.0
3.618601512184183e-12 -7.550160319169663e-08 -1.0
-0.0 -7.549533620476723e-08 -1.0
-1.9554136955479695e-12 -7.55011555497731e-08 -1.0
-0.0 -7.549533620476723e-08 -1.0
-1.5294024727219302e-12 -7.550104186293538e-08 -1.0
0.0 -7.549533620476723e-08 -1.0
-5.827460475976709e-12 -7.549615332891335e-08 -1.0
1.4238760994919608e-12 -7.549809311058198e-08 -1.0
2.7793034800688288e-12 -7.549438407750131e-08 -1.0
-1.4653115960189256e-12 -7.549918734639505e-08 -1.0
3.580264611256073e-13 -7.549982683485723e-08 -1.0
8.591283609006573e-13 -7.549682123908497e-08 -1.0
-1.4880600007413647e-12 -7.550088554353351e-08 -1.0
-1.9554084913775416e-12 -7.55011555497731e-08 -1.0
-3.6185973922159276e-12 -7.550159608626927e-08 -1.0
-0.0 -7.549533620476723e-08 -1.0
9.633633951330878e-13 -7.54989599727196e-08 -1.0
1.675701569690824e-12 -7.549373748361177e-08 -1.0
-3.5802648823066163e-13 -7.549981972942987e-08 -1.0
1.9554136955479695e-12 -7.55011555497731e-08 -1.0
0.0 -7.5500636853576e-08 -1.0
0.0 -7.549277114549113e-08 -1.0
0.0 -7.549277825091849e-08 -1.0
0.0 -7.550002578682324e-08 -1.0
-0.0 -7.550002578682324e-08 -1.0
-1.6757100264677693e-12 -7.549373748361177e-08 -1.0
4.64199967527279e-13 7.550029579306283e-08 1.0
2.1481078634616457e-12 7.549905944870261e-08 1.0
-0.0 7.54995141960535e-08 1.0
0.0 7.549705571818777e-08 1.0
-1.4880532786878953e-12 7.549791547489804e-08 1.0
8.130882252210814e-12 7.549533620476723e-08 1.0
0.0 7.549533620476723e-08 1.0
-6.424957137499132e-13 7.549293457032036e-08 1.0
3.709435644934367e-13 7.549469671630504e-08 1.0
6.275182738886553e-13 7.54964304405803e-08 1.0
-1.089334460309399e-12 7.549940050921577e-08 1.0
-4.429190575503533e-13 7.549977709686573e-08 1.0
-8.130882252210814e-12 7.549533620476723e-08 1.0
0.0 7.549533620476723e-08 1.0
-1.755317787822952e-12 7.549230218728553e-08 1.0
2.7155014348245743e-13 7.549432723408245e-08 1.0
-2.17380865911998e-12 7.55012905528929e-08 1.0
2.17379369713e-12 7.549533620476723e-08 1.0
0.0 7.549533620476723e-08 1.0
-5.850794024611639e-13 7.549751757096601e-08 1.0
-0.0 7.549533620476723e-08 1.0
-3.4379051255112314e-12 7.550174530024378e-08 1.0
-2.8496159425184242e-12 7.55011555497731e-08 1.0
2.1786630659270667e-12 7.550128344746554e-08 1.0
-4.392289754562989e-13 7.549977709686573e-08 1.0
-0.0 7.54995141960535e-08 1.0
1.4431808612741515e-12 7.549414249297115e-08 1.0
1.527994310940306e-12 7.549799363459897e-08 1.0
1.9554136955479695e-12 7.55011555497731e-08 1.0
-0.0 7.549533620476723e-08 1.0
-8.682007369975597e-12 7.549831337883006e-08 1.0
1.3410517271314482e-12 7.54983062734027e-08 1.0
1.0893308824422299e-12 7.549721914301699e-08 1.0
-7.974472861563275e-13 7.549831337883006e-08 1.0
-2.4692739172826883e-12 7.549473224344183e-08 1.0
1.4616328980476823e-12 7.549918734639505e-08 1.0
-8.130881384849076e-12 7.549533620476723e-08 1.0
1.4847252116992338e-12 7.549791547489804e-08 1.0
0.0 7.549705571818777e-08 1.0
-1.4880532786878953e-12 7.549791547489804e-08 1.0
8.130882252210814e-12 7.549533620476723e-08 1.0
1.891003629725385e-12 7.549893865643753e-08 1.0
-6.900939238455028e-13 7.549745362211979e-08 1.0
0.0 7.549533620476723e-08 1.0
2.97611761623795e-12 7.549831337883006e-08 1.0
-1.9554136955479695e-12 7.55011555497731e-08 1.0
1.4431779339282857e-12 7.549413538754379e-08 1.0
-3.6185995606202725e-12 7.550160319169663e-08 1.0
3.6152704094294386e-12 7.550160319169663e-08 1.0
-0.0 7.54995141960535e-08 1.0
1.9554136955479695e-12 7.55011555497731e-08 1.0
-0.0 7.549533620476723e-08 1.0
4.065449799722787e-12 7.550237057785125e-08 1.0
-6.289264356702795e-13 7.549768099579524e-08 1.0
-3.928335521458104e-12 7.549557068387003e-08 1.0
1.439927387394957e-12 7.549868286105266e-08 1.0
0.0 7.549533620476723e-08 1.0
-8.130882252210814e-12 7.549533620476723e-08 1.0
1.4880532786878953e-12 7.549791547489804e-08 1.0
0.0 7.549705571818777e-08 1.0
-1.4880532786878953e-12 7.549791547489804e-08 1.0
8.130882252210814e-12 7.549533620476723e-08 1.0
0.0 7.549533620476723e-08 1.0
-6.424957137499132e-13 7.549293457032036e-08 1.0
3.709435644934367e-13 7.549469671630504e-08 1.0
2.5831576461188277e-12 7.549853364707815e-08 1.0
-6.284574640205709e-13 7.549768099579524e-08 1.0
-2.4692739172826883e-12 7.549473224344183e-08 1.0
1.4616328980476823e-12 7.549918734639505e-08 1.0
-2.1786606806822872e-12 7.549533620476723e-08 1.0
2.178670221661405e-12 7.550128344746554e-08 1.0
0.0 7.549533620476723e-08 1.0
5.798536021998923e-13 7.549751757096601e-08 1.0
-0.0 7.549533620476723e-08 1.0
-2.178670221661405e-12 7.550128344746554e-08 1.0
3.0160520348571085e-12 7.55011555497731e-08 1.0
3.833508597367308e-12 7.550197977934658e-08 1.0
1.465323955923692e-12 7.549918734639505e-08 1.0
-2.4655828594066787e-12 7.549472513801447e-08 1.0
-0.0 7.549941472007049e-08 1.0
-3.535368178764209e-12 7.550146108314948e-08 1.0
-2.4192559847785455e-12 7.55011555497731e-08 1.0
-0.0 7.549533620476723e-08 1.0
1.4880600007413647e-12 7.550088554353351e-08 1.0
-8.591283609006573e-13 7.549682123908497e-08 1.0
-5.289318896067874e-12 7.549635228087936e-08 1.0
1.2906813205010303e-12 7.549812153229141e-08 1.0
2.4655828594066787e-12 7.549473224344183e-08 1.0
-1.465323955923692e-12 7.549918734639505e-08 1.0
-3.9862731171513843e-13 7.54997984131478e-08 1.0
-1.9554136955479695e-12 7.55011555497731e-08 1.0
1.5612854975879942e-12 7.549392933015042e-08 1.0
5.604519886376336e-12 7.549628122660579e-08 1.0
0.0 7.549777336635088e-08 1.0
-3.6185995606202725e-12 7.550160319169663e-08 1.0
-0.0 7.549533620476723e-08 1.0
1.9554136955479695e-12 7.55011555497731e-08 1.0
-9.001580730805259e-12 7.549822811370177e-08 1.0
7.74254412753278e-13 7.549822811370177e-08 1.0
-1.5206844030529743e-12 7.549391511929571e-08 1.0
3.6015686960544357e-12 -7.550158187541456e-08 -1.0
0.0 -7.549797942374425e-08 -1.0
-3.6015686960544357e-12 -7.550158187541456e-08 -1.0
2.6365487484220074e-12 -7.549533620476723e-08 -1.0
-1.5222112849724856e-12 -7.549533620476723e-08 -1.0
0.0 -7.549686387164911e-08 -1.0
0.0 -7.550697489477898e-08 -1.0
0.0 -7.550697489477898e-08 -1.0
6.268653673403846e-13 -7.549881786417245e-08 -1.0
-0.0 -7.549533620476723e-08 -1.0
-2.329753360716391e-12 -7.550116976062782e-08 -1.0
-1.9300797939048042e-12 -7.550060843186657e-08 -1.0
-6.589645929616639e-12 -7.548896974185482e-08 -1.0
0.0 -7.550697489477898e-08 -1.0
-3.6015686960544357e-12 -7.550158187541456e-08 -1.0
2.6365487484220074e-12 -7.549533620476723e-08 -1.0
1.3182705795034e-12 -7.549761704694902e-08 -1.0
0.0 -7.549685676622175e-08 -1.0
-7.203198107430531e-12 -7.549533620476723e-08 -1.0
0.0 -7.550697489477898e-08 -1.0
-1.2296274241874183e-11 -7.548569413984296e-08 -1.0
1.9029528387087824e-12 -7.549987657284873e-08 -1.0
0.0 -7.549686387164911e-08 -1.0
-0.0 -7.549533620476723e-08 -1.0
2.779284398110593e-12 -7.549437697207395e-08 -1.0
-1.151580783856354e-12 -7.549883207502717e-08 -1.0
-1.3182702542427482e-12 -7.550025316049869e-08 -1.0
1.5222133449566133e-12 -7.549533620476723e-08 -1.0
0.0 -7.549533620476723e-08 -1.0
3.6015686960544357e-12 -7.550158187541456e-08 -1.0
-2.6365487484220074e-12 -7.549533620476723e-08 -1.0
0.0 -7.549685676622175e-08 -1.0
0.0 -7.550697489477898e-08 -1.0
0.0 -7.549533620476723e-08 -1.0
2.8740033356650097e-12 -7.55011555497731e-08 -1.0
0.0 -7.549949998519878e-08 -1.0
-0.0 -7.549949998519878e-08 -1.0
1.4576511655692292e-12 -7.550077896212315e-08 -1.0
-0.0 -7.549533620476723e-08 -1.0
1.2918453199534108e-13 -7.549942182549785e-08 -1.0
-1.75691297447933e-12 -7.549378011617591e-08 -1.0
-1.4576435761540218e-12 -7.549785863147918e-08 -1.0
-3.8504315296068736e-13 -7.549972025344687e-08 -1.0
0.0 -7.55011555497731e-08 -1.0
-0.0 -7.549533620476723e-08 -1.0
1.3182702542427482e-12 -7.550025316049869e-08 -1.0
-7.611053714356997e-13 -7.549665781425574e-08 -1.0
0.0 -7.549277825091849e-08 -1.0
-0.0 -7.549277825091849e-08 -1.0
1.7569041924417328e-12 -7.549379432703063e-08 -1.0
0.0 -7.550697489477898e-08 -1.0
-3.6015686960544357e-12 -7.550158187541456e-08 -1.0
2.6365487484220074e-12 -7.549533620476723e-08 -1.0
1.3182702542427482e-12 -7.549761704694902e-08 -1.0
0.0 -7.549685676622175e-08 -1.0
-7.203198107430531e-12 -7.549533620476723e-08 -1.0
0.0 -7.550697489477898e-08 -1.0
-6.216427654755219e-13 -7.549882496959981e-08 -1.0
6.592002551458753e-12 -7.548897684728217e-08 -1.0
6.678518957477231e-13 -7.549752467639337e-08 -1.0
-2.7446014211340852e-12 -7.54984412765225e-08 -1.0
-0.0 -7.549533620476723e-08 -1.0
1.9300800107452387e-12 -7.550061553729392e-08 -1.0
2.329753360716391e-12 -7.55011555497731e-08 -1.0
-1.291841254195264e-13 -7.549942182549785e-08 -1.0
-0.0 -7.549533620476723e-08 -1.0
-1.6757017865312585e-12 -7.549374458903912e-08 -1.0
0.0 -7.549949287977142e-08 -1.0
3.182500487100559e-12 -7.55011555497731e-08 -1.0
3.6015673950118288e-12 -7.550158898084192e-08 -1.0
1.2918413897205355e-13 -7.549942182549785e-08 -1.0
-1.75690430086195e-12 -7.549379432703063e-08 -1.0
-0.0 -7.549533620476723e-08 -1.0
-1.3182706879236172e-12 -7.55002673713534e-08 -1.0
-1.8374193225950686e-12 -7.550114844434574e-08 -1.0
-0.0 -7.549533620476723e-08 -1.0
0.0 -7.549533620476723e-08 -1.0
0.0 -7.549932234951484e-08 -1.0
-0.0 -7.549277825091849e-08 -1.0
2.7793049979518702e-12 -7.549438407750131e-08 -1.0
-1.465312246540229e-12 -7.54991944518224e-08 -1.0
3.580264611256073e-13 -7.549982683485723e-08 -1.0
8.591283609006573e-13 -7.549682123908497e-08 -1.0
-1.4880600007413647e-12 -7.550088554353351e-08 -1.0
-3.6015686960544357e-12 -7.550158187541456e-08 -1.0
-3.1825007039409936e-12 -7.55011555497731e-08 -1.0
-0.0 -7.549533620476723e-08 -1.0
9.20545107155335e-13 -7.549878944246302e-08 -1.0
1.675701569690824e-12 -7.549373748361177e-08 -1.0
-3.5802648823066163e-13 -7.549981972942987e-08 -1.0
0.0 -7.55011555497731e-08 -1.0
3.8504315296068736e-13 -7.549972025344687e-08 -1.0
0.0 -7.549277825091849e-08 -1.0
0.0 -7.549277114549113e-08 -1.0
0.0 -7.550002578682324e-08 -1.0
-0.0 -7.550002578682324e-08 -1.0
-1.6757100264677693e-12 -7.549373748361177e-08 -1.0
-4.607932416710037e-13 7.549613201263128e-08 1.0
8.130925620297713e-12 7.549533620476723e-08 1.0
0.0 7.549533620476723e-08 1.0
-0.0 7.54944196046381e-08 1.0
0.0 7.549751757096601e-08 1.0
-6.424957137499132e-13 7.549293457032036e-08 1.0
3.70943591598491e-13 7.549468961087769e-08 1.0
-1.0893337013678783e-12 7.549940050921577e-08 1.0
-4.429190575503533e-13 7.549977709686573e-08 1.0
-8.130839751485652e-12 7.549533620476723e-08 1.0
0.0 7.549533620476723e-08 1.0
-1.755317787822952e-12 7.549230218728553e-08 1.0
2.7154979111675137e-13 7.549432012865509e-08 1.0
-2.173820802184312e-12 7.550127634203818e-08 1.0
2.1738008528643382e-12 7.549533620476723e-08 1.0
9.231064263676148e-13 7.549281377805528e-08 1.0
-5.850800529824673e-13 7.549751046553865e-08 1.0
-0.0 7.549533620476723e-08 1.0
-2.8740033356650097e-12 7.55011555497731e-08 1.0
2.1786630659270667e-12 7.550128344746554e-08 1.0
0.0 7.549533620476723e-08 1.0
-1.4520154826766496e-12 7.550077896212315e-08 1.0
-4.392289754562989e-13 7.549977709686573e-08 1.0
1.4431808612741515e-12 7.549414249297115e-08 1.0
1.4576415161698941e-12 7.549785863147918e-08 1.0
2.8740033356650097e-12 7.55011555497731e-08 1.0
-0.0 7.549533620476723e-08 1.0
-8.362405386208582e-12 7.549814284857348e-08 1.0
1.2957279563532986e-12 7.549814284857348e-08 1.0
1.0893304487613609e-12 7.549721914301699e-08 1.0
-7.97447502996762e-13 7.549831337883006e-08 1.0
-2.4692739172826883e-12 7.549473224344183e-08 1.0
1.4616328980476823e-12 7.549918734639505e-08 1.0
-7.203161244556666e-12 7.549533620476723e-08 1.0
1.318269712141662e-12 7.549761704694902e-08 1.0
0.0 7.549686387164911e-08 1.0
-3.601587994853106e-12 7.550158187541456e-08 1.0
2.636561758848077e-12 7.549533620476723e-08 1.0
2.3412515415960344e-12 7.549920155724976e-08 1.0
-8.590113212761374e-13 7.549735414613679e-08 1.0
0.0 7.550697489477898e-08 1.0
2.976123254089247e-12 7.54983062734027e-08 1.0
-3.6015686960544357e-12 7.550158187541456e-08 1.0
-3.1825007039409936e-12 7.55011555497731e-08 1.0
1.4431779339282857e-12 7.549413538754379e-08 1.0
3.448808946759918e-12 7.550130476374761e-08 1.0
-0.0 7.549932234951484e-08 1.0
2.8740033356650097e-12 7.55011555497731e-08 1.0
-0.0 7.549533620476723e-08 1.0
0.0 7.549533620476723e-08 1.0
-3.815771917187183e-12 7.549549962959645e-08 1.0
1.3946045923987627e-12 7.549851233079607e-08 1.0
-4.500761308784407e-12 7.549017766450561e-08 1.0
2.599482044549073e-12 7.550247005383426e-08 1.0
-2.636542893730276e-12 7.549533620476723e-08 1.0
3.6015496140962e-12 7.55015747699872e-08 1.0
0.0 7.549533620476723e-08 1.0
-1.3182729647481795e-12 7.550026026592604e-08 1.0
1.5222152965205238e-12 7.549533620476723e-08 1.0
0.0 7.550698200020634e-08 1.0
-4.500765645593097e-12 7.549017055907825e-08 1.0
2.5994831287512454e-12 7.550247715926162e-08 1.0
3.1981988671964112e-12 7.549871128276209e-08 1.0
-7.822885676918301e-13 7.549763836323109e-08 1.0
-2.4692739172826883e-12 7.549473224344183e-08 1.0
1.7716845785581414e-12 7.549954261776293e-08 1.0
-1.9300886843626186e-12 7.549533620476723e-08 1.0
1.9300800107452387e-12 7.550061553729392e-08 1.0
0.0 7.549533620476723e-08 1.0
8.306002370270238e-13 7.549751757096601e-08 1.0
-0.0 7.549533620476723e-08 1.0
-2.424831819711204e-12 7.550195846306451e-08 1.0
1.3596874494370415e-11 7.550116265520046e-08 1.0
1.7753719501467646e-12 7.549953551233557e-08 1.0
-2.7756135063949916e-12 7.549438407750131e-08 1.0
-6.464868571032234e-12 7.549578384669076e-08 1.0
-0.0 7.54995141960535e-08 1.0
6.464875943607007e-12 7.549578384669076e-08 1.0
-1.359694561803293e-11 7.55011555497731e-08 1.0
-0.0 7.549533620476723e-08 1.0
0.0 7.549533620476723e-08 1.0
-5.827466981189744e-12 7.5496146223486e-08 1.0
1.4238763163323953e-12 7.549808600515462e-08 1.0
2.7793043474305668e-12 7.549438407750131e-08 1.0
-1.775375636434151e-12 7.549953551233557e-08 1.0
-0.0 7.550055869387506e-08 1.0
-1.77537607011502e-12 7.549953551233557e-08 1.0
2.7793049979518702e-12 7.549438407750131e-08 1.0
-1.359694561803293e-11 7.55011555497731e-08 1.0
6.464875943607007e-12 7.549578384669076e-08 1.0
-6.464875943607007e-12 7.549578384669076e-08 1.0
-0.0 7.54995141960535e-08 1.0
1.359694561803293e-11 7.55011555497731e-08 1.0
1.5635247003348285e-12 7.549861180677908e-08 1.0
-0.0 7.550055869387506e-08 1.0
-4.2659955429291685e-12 7.549522962335686e-08 1.0
1.7716845785581414e-12 7.549954261776293e-08 1.0
0.0 -7.549683544993968e-08 -1.0
-0.0 -7.549683544993968e-08 -1.0
