5 6 7
9 11 8
13 15 12
17 19 16
21 23 20
25 27 24
29 31 28
33 35 32
37 39 36
40 42 43
45 47 44
49 51 48
0 53 52
8 55 57
12 61 63
68 69 70
72 74 71
76 78 75
80 82 79
84 86 83
88 90 87
92 94 91
96 98 95
100 102 99
104 106 103
139 165 166
190 191 192
209 210 235
307 337 338
404 377 378
444 323 443
311 446 312
7 0 3
0 1 3
1 2 3
3 4 7
4 5 7
9 10 11
13 14 15
17 18 19
21 22 23
25 26 27
29 30 31
33 34 35
37 38 39
40 41 42
45 46 47
49 50 51
0 7 53
59 54 8
8 11 55
55 56 57
57 58 59
59 8 57
65 60 12
12 15 61
61 62 63
63 64 65
65 12 63
70 66 67
66 16 19
67 66 19
67 68 70
72 73 74
76 77 78
80 81 82
84 85 86
88 89 90
92 93 94
96 97 98
100 101 102
104 105 106
188 23 187
23 20 187
20 107 108
20 108 109
186 187 20
186 20 109
183 184 185
110 111 112
112 39 115
39 38 113
115 39 114
113 114 39
110 112 115
182 183 185
179 180 24
180 181 24
178 27 176
27 24 176
176 177 178
173 174 175
172 173 135
173 175 135
176 24 129
24 181 129
116 117 119
117 118 119
110 115 109
115 116 109
169 170 31
170 171 31
31 28 169
167 168 31
166 167 31
166 31 171
163 164 162
164 165 162
120 121 122
109 116 186
116 119 186
120 122 42
122 43 42
186 119 185
119 120 185
120 42 123
123 124 120
124 125 120
126 127 128
126 128 181
128 129 181
185 120 182
120 125 182
182 125 126
159 160 34
160 161 34
158 35 156
35 34 156
156 157 158
153 154 155
73 153 150
153 155 150
156 34 146
34 161 146
74 73 152
151 152 73
150 151 73
181 182 126
147 148 149
149 150 155
130 131 132
176 129 175
129 130 175
130 132 47
47 46 133
133 134 135
136 137 138
47 133 135
136 138 139
130 47 175
47 135 175
172 135 171
135 136 171
149 155 156
146 147 156
147 149 156
143 144 145
48 143 145
49 48 142
48 145 142
145 146 162
146 161 162
140 141 142
140 142 145
145 162 140
162 165 140
171 136 166
136 139 166
139 140 165
192 189 190
189 103 190
103 106 190
52 53 195
53 193 195
193 194 195
196 197 198
196 198 251
198 199 251
274 52 195
274 195 252
195 196 252
272 273 274
269 270 271
268 269 261
269 271 261
265 266 105
266 267 105
104 265 105
264 105 267
262 263 264
259 260 21
260 261 21
262 264 267
262 267 268
22 21 261
261 262 268
258 22 261
256 257 258
253 254 255
256 258 271
258 261 271
252 253 274
253 255 274
256 271 272
255 256 272
200 201 202
202 10 200
10 9 200
9 203 205
203 204 205
200 9 245
9 205 245
206 207 208
255 272 274
249 250 251
251 252 196
25 249 251
248 26 246
26 25 246
246 247 248
243 244 245
242 243 205
243 245 205
246 25 199
25 251 199
206 208 209
210 211 212
210 212 14
14 13 215
13 213 215
213 214 215
216 217 218
216 218 231
218 219 231
210 14 235
14 215 235
246 199 200
245 246 200
220 221 17
221 222 17
222 18 17
17 223 220
223 224 225
223 225 220
226 227 32
227 228 32
220 225 226
219 220 226
32 33 231
33 229 231
229 230 231
232 233 234
232 234 215
234 235 215
226 32 219
32 231 219
216 231 215
231 232 215
242 205 206
239 240 241
241 242 206
241 206 29
206 209 29
29 239 241
238 30 29
236 237 238
236 238 209
238 29 209
235 236 209
360 78 359
78 75 359
75 275 276
75 276 277
358 359 75
358 75 277
355 356 357
278 279 280
280 94 283
94 93 281
283 94 282
281 282 94
278 280 283
354 355 357
351 352 79
352 353 79
350 82 348
82 79 348
348 349 350
345 346 347
344 345 303
345 347 303
348 79 353
284 285 286
278 283 277
283 284 277
341 342 86
342 343 86
86 83 341
339 340 86
338 339 86
338 86 343
335 336 337
284 286 287
288 289 290
277 284 358
284 287 358
288 290 97
290 98 97
358 287 357
287 288 357
288 97 291
291 292 288
292 293 288
294 295 296
294 296 353
296 297 353
357 288 354
288 293 354
354 293 294
334 335 337
331 332 89
332 333 89
330 90 328
90 89 328
328 329 330
325 326 327
324 325 320
325 327 320
328 89 316
89 333 316
323 324 322
321 322 324
320 321 324
353 354 294
317 318 319
319 320 327
348 353 297
298 299 102
299 300 102
348 297 347
297 298 347
102 101 301
301 302 102
302 303 102
304 305 306
304 306 307
298 102 303
347 298 303
344 303 343
303 304 343
319 327 328
316 317 328
317 319 328
313 314 312
314 315 312
311 312 310
312 315 310
315 316 334
316 333 334
308 309 315
309 310 315
315 334 308
334 337 308
343 304 338
304 307 338
307 308 337
40 41 361
361 362 363
364 365 366
40 361 442
361 363 442
364 366 419
366 367 419
442 363 420
363 364 420
440 441 442
437 438 439
436 437 429
437 439 429
433 434 36
434 435 36
37 433 36
432 36 435
430 431 432
427 428 429
430 432 435
76 427 77
427 429 77
430 435 436
429 430 436
426 77 429
424 425 426
421 422 423
424 426 439
426 429 439
420 421 442
421 423 442
424 439 440
423 424 440
368 369 370
370 44 368
44 45 368
45 371 372
45 372 373
368 45 413
45 373 413
374 375 376
423 440 442
417 418 80
418 419 80
419 420 364
416 81 414
81 80 414
414 415 416
411 412 410
412 413 410
414 80 367
80 419 367
374 376 409
376 377 409
378 379 50
379 380 50
50 51 381
381 382 50
382 383 50
384 385 386
384 386 399
386 387 399
378 50 403
50 383 403
414 367 368
413 414 368
388 389 72
389 390 72
390 71 72
72 391 388
391 392 393
391 393 388
394 395 396
388 393 394
387 388 394
394 396 87
87 88 399
88 397 399
397 398 399
400 401 402
400 402 403
394 87 387
87 399 387
384 399 383
399 400 383
410 413 373
410 373 409
373 374 409
407 408 409
84 407 409
406 85 404
85 84 404
404 405 406
84 409 377
383 400 403
404 84 377
403 404 378
444 324 323
311 445 446
