-30.729995727539062 85.05085754394531 -0.0001584211568115279
-32.89506530761719 83.80085754394531 -0.00015832678764127195
-34.14506530761719 81.63580322265625 -0.0001581633259775117
-34.14506530761719 79.13580322265625 -0.00015797457308508456
-24.814926147460938 79.13580322265625 -0.00015797457308508456
-24.814926147460938 81.63580322265625 -0.0001581633259775117
-26.064926147460938 83.80085754394531 -0.00015832678764127195
-28.229995727539062 85.05085754394531 -0.0001584211568115279
9.270004272460938 85.05084991455078 -0.0001584211568115279
9.270004272460938 97.37138366699219 -0.00015935132978484035
6.770003795623779 97.37138366699219 -0.00015935132978484035
6.770003795623779 85.05084991455078 -0.0001584211568115279
46.77000427246094 85.05084991455078 -0.0001584211568115279
46.77000427246094 97.37137603759766 -0.00015935132978484035
44.27000427246094 97.37137603759766 -0.00015935132978484035
44.27000427246094 85.05084991455078 -0.0001584211568115279
83.02000427246094 85.05084991455078 -0.0001584211568115279
83.02000427246094 97.37137603759766 -0.00015935132978484035
81.77000427246094 97.37137603759766 -0.00015935132978484035
81.77000427246094 85.05084991455078 -0.0001584211568115279
-49.47999572753906 129.84732055664062 -0.0001618031965335831
-49.47999572753906 117.52680969238281 -0.00016087302356027067
-46.97999572753906 117.52680969238281 -0.00016087302356027067
-46.97999572753906 129.84732055664062 -0.0001618031965335831
-11.979995727539062 129.84732055664062 -0.0001618031965335831
-11.979995727539062 117.52680969238281 -0.00016087302356027067
-9.479995727539062 117.52680969238281 -0.00016087302356027067
-9.479995727539062 129.84732055664062 -0.0001618031965335831
25.520008087158203 129.84732055664062 -0.0001618031965335831
25.520004272460938 117.52680969238281 -0.00016087302356027067
28.020004272460938 117.52680969238281 -0.00016087302356027067
28.020008087158203 129.84732055664062 -0.0001618031965335831
65.52000427246094 117.52680969238281 -0.00016087302356027067
63.02000427246094 117.52680969238281 -0.00016087302356027067
63.02000427246094 129.84732055664062 -0.0001618031965335831
65.52000427246094 129.84732055664062 -0.0001618031965335831
-66.97998046875 162.3232879638672 -0.00016425506328232586
-65.72998046875 162.32327270507812 -0.00016425506328232586
-65.72998046875 150.00277709960938 -0.00016332489030901343
-66.97998046875 150.00277709960938 -0.00016332489030901343
-30.72998809814453 162.32327270507812 -0.00016425506328232586
-28.229995727539062 162.3232879638672 -0.00016425506328232586
-28.229995727539062 150.00277709960938 -0.00016332489030901343
-30.72998046875 150.00277709960938 -0.00016332489030901343
6.770003795623779 162.32327270507812 -0.00016425506328232586
9.270011901855469 162.32327270507812 -0.00016425506328232586
9.27001953125 150.0027618408203 -0.00016332489030901343
6.770003795623779 150.0027618408203 -0.00016332489030901343
46.7700080871582 150.0027618408203 -0.00016332489030901343
44.270023345947266 150.0027618408203 -0.00016332489030901343
44.270015716552734 162.32327270507812 -0.00016425506328232586
46.7700080871582 162.32327270507812 -0.00016425506328232586
-30.729995727539062 97.37138366699219 -0.00015935132978484035
-28.229995727539062 97.37138366699219 -0.00015935132978484035
11.435073852539062 83.80084991455078 -0.00015832678764127195
4.604935169219971 83.80084991455078 -0.00015832678764127195
3.3549349308013916 81.63579559326172 -0.0001581633259775117
3.3549349308013916 79.13579559326172 -0.00015797457308508456
12.685073852539062 79.13579559326172 -0.00015797457308508456
12.685073852539062 81.63579559326172 -0.0001581633259775117
48.93507385253906 83.80084991455078 -0.00015832678764127195
42.10493469238281 83.80084991455078 -0.00015832678764127195
40.85493469238281 81.63579559326172 -0.0001581633259775117
40.85493469238281 79.13579559326172 -0.00015797457308508456
50.18507385253906 79.13579559326172 -0.00015797457308508456
50.18507385253906 81.63579559326172 -0.0001581633259775117
83.02000427246094 79.13579559326172 -0.00015797457308508456
79.60493469238281 83.80084991455078 -0.00015832678764127195
78.35493469238281 81.63579559326172 -0.0001581633259775117
78.35493469238281 79.13579559326172 -0.00015797457308508456
80.68746948242188 79.13579559326172 -0.00015797457308508456
81.77000427246094 162.32327270507812 -0.00016425506328232586
83.02000427246094 162.32327270507812 -0.00016425506328232586
83.02000427246094 150.0027618408203 -0.00016332489030901343
81.77000427246094 150.0027618408203 -0.00016332489030901343
-49.47999572753906 194.79922485351562 -0.00016670693003106862
-49.47999572753906 182.47872924804688 -0.00016577675705775619
-46.97998809814453 182.47872924804688 -0.00016577675705775619
-46.97998809814453 194.79922485351562 -0.00016670693003106862
-11.979988098144531 194.79922485351562 -0.00016670693003106862
-11.979988098144531 182.47872924804688 -0.00016577675705775619
-9.479988098144531 182.47872924804688 -0.00016577675705775619
-9.479988098144531 194.79922485351562 -0.00016670693003106862
25.520008087158203 194.79922485351562 -0.00016670693003106862
25.520008087158203 182.4787139892578 -0.00016577675705775619
28.020008087158203 182.4787139892578 -0.00016577675705775619
28.020008087158203 194.79922485351562 -0.00016670693003106862
65.52001190185547 182.4787139892578 -0.00016577675705775619
63.0200080871582 182.4787139892578 -0.00016577675705775619
63.02001190185547 194.79922485351562 -0.00016670693003106862
65.52001190185547 194.79922485351562 -0.00016670693003106862
-66.97998046875 221.11492919921875 -0.00016869370301719755
-65.72998046875 221.11492919921875 -0.00016869370301719755
-65.72998046875 214.95468139648438 -0.00016822862380649894
-66.97998046875 214.95468139648438 -0.00016822862380649894
-30.72997283935547 221.11492919921875 -0.00016869370301719755
-28.22998809814453 221.11492919921875 -0.00016869370301719755
-28.22998809814453 214.95468139648438 -0.00016822862380649894
-30.72997283935547 214.95468139648438 -0.00016822862380649894
6.770011901855469 221.11492919921875 -0.00016869370301719755
9.270027160644531 221.11492919921875 -0.00016869370301719755
9.270027160644531 214.95468139648438 -0.00016822862380649894
6.770011901855469 214.95468139648438 -0.00016822862380649894
-65.72999572753906 85.05085754394531 -0.0001584211568115279
-65.72999572753906 97.37138366699219 -0.00015935132978484035
-66.97999572753906 97.37138366699219 -0.00015935132978484035
-66.97999572753906 85.05085754394531 -0.0001584211568115279
-51.64506530761719 131.09732055664062 -0.00016189756570383906
-52.89506530761719 133.26239013671875 -0.0001620610273675993
-52.89506530761719 135.76239013671875 -0.00016224976570811123
-63.56494140625 141.92263793945312 -0.00016271485947072506
-65.72999572753906 140.67263793945312 -0.00016262047574855387
-66.97999572753906 140.67263793945312 -0.00016262047574855387
-63.564910888671875 148.75277709960938 -0.00016323052113875747
-62.314910888671875 146.58770751953125 -0.00016306705947499722
-62.314910888671875 144.08770751953125 -0.00016287830658257008
-51.645050048828125 137.92745971679688 -0.00016241322737187147
-49.47998046875 139.1774444580078 -0.00016250759654212743
-46.97998046875 139.1774444580078 -0.00016250759654212743
-44.814910888671875 137.9274444580078 -0.00016241322737187147
-34.14503479003906 144.08770751953125 -0.00016287830658257008
-34.14503479003906 146.58770751953125 -0.00016306705947499722
-32.89503479003906 148.75277709960938 -0.00016323052113875747
-26.064926147460938 148.75277709960938 -0.00016323052113875747
-24.814926147460938 146.58770751953125 -0.00016306705947499722
-24.814926147460938 144.08770751953125 -0.00016287830658257008
-14.145065307617188 137.9274444580078 -0.00016241322737187147
-11.979995727539062 139.1774444580078 -0.00016250759654212743
-9.479995727539062 139.1774444580078 -0.00016250759654212743
-7.3149261474609375 137.9274444580078 -0.00016241322737187147
3.3549349308013916 144.08770751953125 -0.00016287830658257008
3.3549349308013916 146.58770751953125 -0.00016306705947499722
4.604935169219971 148.7527618408203 -0.00016323052113875747
11.435073852539062 148.7527618408203 -0.00016323052113875747
12.685073852539062 146.58770751953125 -0.00016306705947499722
12.685073852539062 144.08770751953125 -0.00016287830658257008
23.354969024658203 137.9274444580078 -0.00016241322737187147
25.520023345947266 139.1774444580078 -0.00016250759654212743
28.020023345947266 139.1774444580078 -0.00016250759654212743
30.18509292602539 137.9274444580078 -0.00016241322737187147
40.8549690246582 144.08770751953125 -0.00016287830658257008
40.8549690246582 146.58770751953125 -0.00016306705947499722
42.1049690246582 148.7527618408203 -0.00016323052113875747
48.93507766723633 148.7527618408203 -0.00016323052113875747
50.18507766723633 146.58770751953125 -0.00016306705947499722
50.18507385253906 144.08770751953125 -0.00016287830658257008
60.85493469238281 137.9274444580078 -0.00016241322737187147
63.02000427246094 139.1774444580078 -0.00016250759654212743
65.52000427246094 139.1774444580078 -0.00016250759654212743
67.68507385253906 137.9274444580078 -0.00016241322737187147
78.35493469238281 144.08770751953125 -0.00016287830658257008
78.35493469238281 146.58770751953125 -0.00016306705947499722
79.60493469238281 148.7527618408203 -0.00016323052113875747
83.02000427246094 140.67263793945312 -0.00016262047574855387
81.77000427246094 140.67263793945312 -0.00016262047574855387
79.60493469238281 141.92263793945312 -0.00016271485947072506
68.93507385253906 135.76239013671875 -0.00016224976570811123
68.93507385253906 133.26239013671875 -0.0001620610273675993
67.68507385253906 131.09732055664062 -0.00016189756570383906
60.85493469238281 131.09732055664062 -0.00016189756570383906
59.60493469238281 133.26239013671875 -0.0001620610273675993
59.60493469238281 135.76239013671875 -0.00016224976570811123
48.93507385253906 141.92263793945312 -0.00016271485947072506
46.7700080871582 140.67263793945312 -0.00016262047574855387
44.2700080871582 140.67263793945312 -0.00016262047574855387
42.10493850708008 141.92263793945312 -0.00016271485947072506
31.435077667236328 135.76239013671875 -0.00016224976570811123
31.435077667236328 133.26239013671875 -0.0001620610273675993
30.185077667236328 131.09732055664062 -0.00016189756570383906
23.354938507080078 131.09732055664062 -0.00016189756570383906
22.104938507080078 133.26239013671875 -0.0001620610273675993
22.104938507080078 135.76239013671875 -0.00016224976570811123
11.435073852539062 141.92263793945312 -0.00016271485947072506
9.270004272460938 140.67263793945312 -0.00016262047574855387
6.770003795623779 140.67263793945312 -0.00016262047574855387
4.604935169219971 141.92263793945312 -0.00016271485947072506
-6.0649261474609375 135.76239013671875 -0.00016224976570811123
-6.0649261474609375 133.26239013671875 -0.0001620610273675993
-7.3149261474609375 131.09732055664062 -0.00016189756570383906
-14.145065307617188 131.09732055664062 -0.00016189756570383906
-15.395065307617188 133.26239013671875 -0.0001620610273675993
-15.395065307617188 135.76239013671875 -0.00016224976570811123
-26.064926147460938 141.92263793945312 -0.00016271485947072506
-28.229995727539062 140.67263793945312 -0.00016262047574855387
-30.729995727539062 140.67263793945312 -0.00016262047574855387
-32.89506530761719 141.92263793945312 -0.00016271485947072506
-43.56492614746094 135.76239013671875 -0.00016224976570811123
-43.56492614746094 133.26239013671875 -0.0001620610273675993
-44.81492614746094 131.09732055664062 -0.00016189756570383906
-63.56494140625 83.80085754394531 -0.00015832678764127195
-66.97999572753906 79.13580322265625 -0.00015797457308508456
-62.31494140625 79.13580322265625 -0.00015797457308508456
-62.31494140625 81.63580322265625 -0.0001581633259775117
-26.064926147460938 98.62138366699219 -0.0001594456989550963
-24.814926147460938 100.78643798828125 -0.00015960916061885655
-24.814926147460938 103.28643798828125 -0.00015979789895936847
-14.145065307617188 109.44670104980469 -0.0001602629927219823
-11.979995727539062 108.19670104980469 -0.00016016862355172634
-9.479995727539062 108.19670104980469 -0.00016016862355172634
-7.3149261474609375 109.44670104980469 -0.0001602629927219823
3.3549349308013916 103.28643798828125 -0.00015979789895936847
3.3549349308013916 100.78643798828125 -0.00015960916061885655
4.604935169219971 98.62138366699219 -0.0001594456989550963
11.435073852539062 98.62138366699219 -0.0001594456989550963
12.685073852539062 100.78643798828125 -0.00015960916061885655
12.685073852539062 103.28643798828125 -0.00015979789895936847
23.354934692382812 109.44669342041016 -0.0001602629927219823
25.520004272460938 108.19669342041016 -0.00016016862355172634
28.020004272460938 108.19669342041016 -0.00016016862355172634
30.185073852539062 109.44669342041016 -0.0001602629927219823
40.85493469238281 103.28643035888672 -0.00015979789895936847
40.85493469238281 100.78643035888672 -0.00015960916061885655
42.10493469238281 98.62137603759766 -0.0001594456989550963
48.93507385253906 98.62137603759766 -0.0001594456989550963
50.18507385253906 100.78643035888672 -0.00015960916061885655
50.18507385253906 103.28643035888672 -0.00015979789895936847
60.85493469238281 109.44669342041016 -0.0001602629927219823
63.02000427246094 108.19669342041016 -0.00016016862355172634
65.52000427246094 108.19669342041016 -0.00016016862355172634
67.68507385253906 109.44669342041016 -0.0001602629927219823
78.35493469238281 103.28643035888672 -0.00015979789895936847
78.35493469238281 100.78643035888672 -0.00015960916061885655
79.60493469238281 98.62137603759766 -0.0001594456989550963
83.02000427246094 106.70148468017578 -0.00016005572979338467
81.77000427246094 106.70148468017578 -0.00016005572979338467
79.60493469238281 105.45148468017578 -0.0001599613606231287
68.93507385253906 111.61174774169922 -0.00016042643983382732
68.93507385253906 114.11174774169922 -0.00016061519272625446
67.68507385253906 116.27680969238281 -0.0001607786543900147
60.85493469238281 116.27680969238281 -0.0001607786543900147
59.60493469238281 114.11174774169922 -0.00016061519272625446
59.60493469238281 111.61174774169922 -0.00016042643983382732
48.93507385253906 105.45148468017578 -0.0001599613606231287
46.77000427246094 106.70148468017578 -0.00016005572979338467
44.27000427246094 106.70148468017578 -0.00016005572979338467
42.10493469238281 105.45148468017578 -0.0001599613606231287
31.435073852539062 111.61175537109375 -0.00016042643983382732
31.435073852539062 114.11175537109375 -0.00016061519272625446
30.185073852539062 116.27680969238281 -0.0001607786543900147
23.354934692382812 116.27680969238281 -0.0001607786543900147
22.104934692382812 114.11175537109375 -0.00016061519272625446
22.104934692382812 111.61175537109375 -0.00016042643983382732
11.435073852539062 105.45149230957031 -0.0001599613606231287
9.270004272460938 106.70149230957031 -0.00016005572979338467
6.770003795623779 106.70149230957031 -0.00016005572979338467
4.604935169219971 105.45149230957031 -0.0001599613606231287
-6.0649261474609375 111.61175537109375 -0.00016042643983382732
-6.0649261474609375 114.11175537109375 -0.00016061519272625446
-7.3149261474609375 116.27680969238281 -0.0001607786543900147
-14.145065307617188 116.27680969238281 -0.0001607786543900147
-15.395065307617188 114.11175537109375 -0.00016061519272625446
-15.395065307617188 111.61175537109375 -0.00016042643983382732
-26.064926147460938 105.45149230957031 -0.0001599613606231287
-28.229995727539062 106.70149230957031 -0.00016005572979338467
-30.729995727539062 106.70149230957031 -0.00016005572979338467
-32.89506530761719 105.45149230957031 -0.0001599613606231287
-43.56492614746094 111.61175537109375 -0.00016042643983382732
-43.56492614746094 114.11175537109375 -0.00016061519272625446
-44.81492614746094 116.27680969238281 -0.0001607786543900147
-51.645050048828125 116.27681732177734 -0.0001607786543900147
-52.895050048828125 114.11175537109375 -0.00016061519272625446
-52.895050048828125 111.61175537109375 -0.00016042643983382732
-63.56492614746094 105.45149230957031 -0.0001599613606231287
-65.72999572753906 106.70149230957031 -0.00016005572979338467
-66.97999572753906 106.70149230957031 -0.00016005572979338467
-63.56494140625 98.62138366699219 -0.0001594456989550963
-62.31494140625 100.78643798828125 -0.00015960916061885655
-62.31494140625 103.28643798828125 -0.00015979789895936847
-51.64506530761719 109.44670104980469 -0.0001602629927219823
-49.47999572753906 108.19670104980469 -0.00016016862355172634
-46.97999572753906 108.19670104980469 -0.00016016862355172634
-44.81492614746094 109.44670104980469 -0.0001602629927219823
-34.14506530761719 103.28643798828125 -0.00015979789895936847
-34.14506530761719 100.78643798828125 -0.00015960916061885655
-32.89506530761719 98.62138366699219 -0.0001594456989550963
-51.64506530761719 196.04922485351562 -0.00016680129920132458
-52.89506530761719 198.21429443359375 -0.00016696476086508483
-52.89506530761719 200.71429443359375 -0.00016715349920559675
-63.56494140625 206.87454223632812 -0.00016761859296821058
-65.72999572753906 205.62454223632812 -0.0001675242092460394
-66.97999572753906 205.62454223632812 -0.0001675242092460394
-63.564910888671875 213.70468139648438 -0.00016813425463624299
-62.314910888671875 211.53961181640625 -0.00016797079297248274
-62.314910888671875 209.03961181640625 -0.0001677820400800556
-51.645050048828125 202.87936401367188 -0.000167316960869357
-49.47998046875 204.12936401367188 -0.00016741133003961295
-46.97997283935547 204.12936401367188 -0.00016741133003961295
-44.814903259277344 202.87936401367188 -0.000167316960869357
-34.14502716064453 209.03961181640625 -0.0001677820400800556
-34.14502716064453 211.53961181640625 -0.00016797079297248274
-32.89502716064453 213.70468139648438 -0.00016813425463624299
-26.064918518066406 213.70468139648438 -0.00016813425463624299
-24.814918518066406 211.53961181640625 -0.00016797079297248274
-24.814918518066406 209.03961181640625 -0.0001677820400800556
-14.145057678222656 202.87936401367188 -0.000167316960869357
-11.979988098144531 204.12936401367188 -0.00016741133003961295
-9.479988098144531 204.12936401367188 -0.00016741133003961295
-7.3149189949035645 202.87936401367188 -0.000167316960869357
3.3549420833587646 209.03961181640625 -0.0001677820400800556
3.3549420833587646 211.53961181640625 -0.00016797079297248274
4.6049418449401855 213.70468139648438 -0.00016813425463624299
11.435080528259277 213.70468139648438 -0.00016813425463624299
12.685080528259277 211.53961181640625 -0.00016797079297248274
12.685080528259277 209.03961181640625 -0.0001677820400800556
23.354969024658203 202.8793487548828 -0.000167316960869357
25.520023345947266 204.1293487548828 -0.00016741133003961295
28.020023345947266 204.1293487548828 -0.00016741133003961295
30.18509292602539 202.8793487548828 -0.000167316960869357
40.8549690246582 209.03961181640625 -0.0001677820400800556
40.85497283935547 211.53961181640625 -0.00016797079297248274
42.10497283935547 213.70468139648438 -0.00016813425463624299
44.27002716064453 214.95468139648438 -0.00016822862380649894
46.77001190185547 214.95468139648438 -0.00016822862380649894
48.935081481933594 213.70468139648438 -0.00016813425463624299
50.185081481933594 211.53961181640625 -0.00016797079297248274
50.185081481933594 209.03961181640625 -0.0001677820400800556
60.854942321777344 202.8793487548828 -0.000167316960869357
63.02001190185547 204.1293487548828 -0.00016741133003961295
65.52001190185547 204.1293487548828 -0.00016741133003961295
67.6850814819336 202.8793487548828 -0.000167316960869357
78.35494232177734 209.03961181640625 -0.0001677820400800556
78.35494232177734 211.53961181640625 -0.00016797079297248274
79.60494232177734 213.70468139648438 -0.00016813425463624299
81.77001190185547 214.95468139648438 -0.00016822862380649894
83.02001190185547 214.95468139648438 -0.00016822862380649894
83.02001190185547 205.62454223632812 -0.0001675242092460394
81.77001190185547 205.62454223632812 -0.0001675242092460394
79.60494232177734 206.87454223632812 -0.00016761859296821058
68.9350814819336 200.71429443359375 -0.00016715349920559675
68.9350814819336 198.21429443359375 -0.00016696476086508483
67.6850814819336 196.04922485351562 -0.00016680129920132458
60.854942321777344 196.04922485351562 -0.00016680129920132458
59.604942321777344 198.21429443359375 -0.00016696476086508483
59.604942321777344 200.71429443359375 -0.00016715349920559675
48.935081481933594 206.87454223632812 -0.00016761859296821058
46.7700080871582 205.62454223632812 -0.0001675242092460394
44.2700080871582 205.62454223632812 -0.0001675242092460394
42.10493850708008 206.87454223632812 -0.00016761859296821058
31.435077667236328 200.71429443359375 -0.00016715349920559675
31.435077667236328 198.21429443359375 -0.00016696476086508483
30.185077667236328 196.04922485351562 -0.00016680129920132458
23.354938507080078 196.04922485351562 -0.00016680129920132458
22.104938507080078 198.21429443359375 -0.00016696476086508483
22.104938507080078 200.71429443359375 -0.00016715349920559675
11.435080528259277 206.87454223632812 -0.00016761859296821058
9.270011901855469 205.62454223632812 -0.0001675242092460394
6.770011901855469 205.62454223632812 -0.0001675242092460394
4.6049418449401855 206.87454223632812 -0.00016761859296821058
-6.0649189949035645 200.71429443359375 -0.00016715349920559675
-6.0649189949035645 198.21429443359375 -0.00016696476086508483
-7.3149189949035645 196.04922485351562 -0.00016680129920132458
-14.145057678222656 196.04922485351562 -0.00016680129920132458
-15.395057678222656 198.21429443359375 -0.00016696476086508483
-15.395057678222656 200.71429443359375 -0.00016715349920559675
-26.064918518066406 206.87454223632812 -0.00016761859296821058
-28.22998809814453 205.62454223632812 -0.0001675242092460394
-30.72998809814453 205.62454223632812 -0.0001675242092460394
-32.895057678222656 206.87454223632812 -0.00016761859296821058
-43.564918518066406 200.71429443359375 -0.00016715349920559675
-43.564918518066406 198.21429443359375 -0.00016696476086508483
-44.814918518066406 196.04922485351562 -0.00016680129920132458
-26.064926147460938 163.5732879638672 -0.00016434943245258182
-24.814926147460938 165.73834228515625 -0.00016451289411634207
-24.814918518066406 168.23834228515625 -0.00016470163245685399
-14.145057678222656 174.3986053466797 -0.00016516672621946782
-11.979988098144531 173.1486053466797 -0.00016507235704921186
-9.479988098144531 173.1486053466797 -0.00016507235704921186
-7.3149189949035645 174.3986053466797 -0.00016516672621946782
3.3549420833587646 168.23834228515625 -0.00016470163245685399
3.3549349308013916 165.73834228515625 -0.00016451289411634207
4.604935169219971 163.57327270507812 -0.00016434943245258182
11.435073852539062 163.57327270507812 -0.00016434943245258182
12.685073852539062 165.73834228515625 -0.00016451289411634207
12.685080528259277 168.23834228515625 -0.00016470163245685399
23.354938507080078 174.39859008789062 -0.00016516672621946782
25.520008087158203 173.14859008789062 -0.00016507234249729663
28.020008087158203 173.14859008789062 -0.00016507234249729663
30.185077667236328 174.39859008789062 -0.00016516672621946782
40.85493850708008 168.23834228515625 -0.00016470163245685399
40.85493850708008 165.73834228515625 -0.00016451289411634207
42.10493850708008 163.57327270507812 -0.00016434943245258182
48.93507766723633 163.57327270507812 -0.00016434943245258182
50.18507766723633 165.73834228515625 -0.00016451289411634207
50.18507766723633 168.23834228515625 -0.00016470163245685399
60.85493850708008 174.39859008789062 -0.00016516672621946782
63.0200080871582 173.14859008789062 -0.00016507234249729663
65.52000427246094 173.14859008789062 -0.00016507234249729663
67.68507385253906 174.39859008789062 -0.00016516672621946782
78.35493469238281 168.23834228515625 -0.00016470163245685399
78.35493469238281 165.73834228515625 -0.00016451289411634207
79.60493469238281 163.57327270507812 -0.00016434943245258182
83.02001190185547 171.65338134765625 -0.0001649594632908702
81.77001190185547 171.65338134765625 -0.0001649594632908702
79.60494232177734 170.40338134765625 -0.00016486509412061423
68.93507385253906 176.56365966796875 -0.00016533017333131284
68.9350814819336 179.06365966796875 -0.00016551892622373998
67.6850814819336 181.2287139892578 -0.000165682373335585
60.85493850708008 181.2287139892578 -0.000165682373335585
59.60493850708008 179.06365966796875 -0.00016551892622373998
59.60493850708008 176.56365966796875 -0.00016533017333131284
48.93507766723633 170.40338134765625 -0.00016486509412061423
46.7700080871582 171.65338134765625 -0.0001649594632908702
44.2700080871582 171.65338134765625 -0.0001649594632908702
42.10493850708008 170.40338134765625 -0.00016486509412061423
31.435077667236328 176.56365966796875 -0.00016533017333131284
31.435077667236328 179.06365966796875 -0.00016551892622373998
30.185077667236328 181.2287139892578 -0.000165682373335585
23.354938507080078 181.2287139892578 -0.000165682373335585
22.104938507080078 179.06365966796875 -0.00016551892622373998
22.104938507080078 176.56365966796875 -0.00016533017333131284
11.435080528259277 170.40338134765625 -0.00016486509412061423
9.270011901855469 171.65338134765625 -0.0001649594632908702
6.770011901855469 171.65338134765625 -0.0001649594632908702
4.6049418449401855 170.40338134765625 -0.00016486509412061423
-6.0649189949035645 176.56365966796875 -0.00016533017333131284
-6.0649189949035645 179.06365966796875 -0.00016551892622373998
-7.3149189949035645 181.22872924804688 -0.00016568238788750023
-14.145057678222656 181.22872924804688 -0.00016568238788750023
-15.395057678222656 179.06365966796875 -0.00016551892622373998
-15.395057678222656 176.56365966796875 -0.00016533017333131284
-26.064918518066406 170.4033966064453 -0.00016486509412061423
-28.22998809814453 171.6533966064453 -0.0001649594632908702
-30.72998809814453 171.6533966064453 -0.0001649594632908702
-32.895057678222656 170.4033966064453 -0.00016486509412061423
-43.564918518066406 176.56365966796875 -0.00016533017333131284
-43.564918518066406 179.06365966796875 -0.00016551892622373998
-44.814918518066406 181.22872924804688 -0.00016568238788750023
-51.645050048828125 181.22872924804688 -0.00016568238788750023
-52.895050048828125 179.06365966796875 -0.00016551892622373998
-52.895050048828125 176.56365966796875 -0.00016533017333131284
-63.56492614746094 170.4033966064453 -0.00016486509412061423
-65.72999572753906 171.6533966064453 -0.0001649594632908702
-66.97999572753906 171.6533966064453 -0.0001649594632908702
-63.56494140625 163.5732879638672 -0.00016434943245258182
-62.31494140625 165.73834228515625 -0.00016451289411634207
-62.31494140625 168.23834228515625 -0.00016470163245685399
-51.64506530761719 174.3986053466797 -0.00016516672621946782
-49.47999572753906 173.1486053466797 -0.00016507235704921186
-46.97998809814453 173.1486053466797 -0.00016507235704921186
-44.814918518066406 174.3986053466797 -0.00016516672621946782
-34.145057678222656 168.23834228515625 -0.00016470163245685399
-34.14506530761719 165.73834228515625 -0.00016451289411634207
-32.89506530761719 163.5732879638672 -0.00016434943245258182
81.77001190185547 221.11492919921875 -0.00016869370301719755
83.02001190185547 221.11492919921875 -0.00016869370301719755
44.270023345947266 221.11492919921875 -0.00016869370301719755
46.77001190185547 221.11492919921875 -0.00016869370301719755
