6.500717830704161e-08 -1.6303808081374882e-07 -1.0
-0.0 0.0 -1.0
-0.0 0.0 -1.0
0.0 0.0 1.0
9.711084203445353e-08 1.6820079906665342e-07 1.0
0.0 0.0 1.0
-3.407171078606552e-08 -1.2715693742393341e-07 -1.0
0.0 -4.404820685977029e-07 -1.0
0.0 -0.0 -1.0
0.0 0.0 -1.0
5.901351229908869e-08 -2.2024134693765518e-07 -1.0
9.711031623282906e-08 1.6819987536109693e-07 1.0
-0.0 -0.0 -1.0
-0.0 0.0 -1.0
0.0 -2.756339370080241e-07 -1.0
-0.0 0.0 -1.0
0.0 0.0 -1.0
0.0 0.0 -1.0
-0.0 0.0 -1.0
0.0 0.0 -1.0
0.0 0.0 1.0
2.205909588326449e-08 -4.277462721802294e-07 -1.0
7.89771661402483e-08 0.0 -1.0
0.0 0.0 -1.0
0.0 0.0 -1.0
0.0 -0.0 -1.0
2.896543946917518e-07 -2.6124544660888205e-07 -1.0
-3.8702886229202704e-08 -6.703508148575565e-08 -1.0
0.0 0.0 -1.0
-0.0 0.0 -1.0
1.1453062498389954e-08 -7.431020776493824e-07 -1.0
0.0 0.0 1.0
3.3036391755558725e-07 1.9073540613590012e-07 1.0
0.0 0.0 1.0
6.036455602043134e-08 1.4698476036301145e-07 1.0
7.740487006913099e-08 1.3407068877313577e-07 1.0
0.0 -0.0 1.0
0.0 0.0 1.0
-0.0 0.0 -1.0
0.0 0.0 -1.0
0.0 0.0 -1.0
0.0 0.0 -1.0
-5.210919766795996e-07 1.3962429079583671e-07 -1.0
0.0 -1.6122874058055459e-07 -1.0
4.404820685977029e-07 0.0 -1.0
0.0 -0.0 -1.0
0.0 -0.0 -1.0
-2.3870532572800585e-07 -1.37816371648114e-07 -1.0
0.0 0.0 -1.0
0.0 0.0 -1.0
8.06139155429264e-08 -1.3962778666609665e-07 -1.0
-0.0 -2.792547206809104e-07 -1.0
-3.8147052805470594e-07 -6.607235718547599e-07 -1.0
0.0 0.0 -1.0
0.0 0.0 -1.0
0.0 0.0 -1.0
0.0 0.0 -1.0
-7.629394644936838e-07 -0.0 -1.0
0.0 -0.0 -1.0
-8.68491767391788e-08 1.5042760992400872e-07 1.0
0.0 -0.0 -1.0
-0.0 -0.0 -1.0
-6.378224384206987e-07 -3.6825113625127415e-07 -1.0
-3.870284359663856e-08 -6.703510280203773e-08 -1.0
-3.870284359663856e-08 -6.703510280203773e-08 -1.0
1.9705160170246927e-08 -1.0075698497757912e-07 -1.0
0.0 0.0 -1.0
0.0 0.0 -1.0
-0.0 0.0 -1.0
0.0 0.0 -1.0
0.0 -0.0 1.0
0.0 0.0 -1.0
0.0 -4.1344728174408374e-07 -1.0
0.0 0.0 -1.0
0.0 0.0 -1.0
5.426708682421122e-08 -1.37816371648114e-07 -1.0
7.897717324567566e-08 0.0 -1.0
0.0 -0.0 -1.0
-0.0 0.0 -1.0
0.0 0.0 -1.0
0.0 0.0 -1.0
0.0 0.0 -1.0
2.202425832820154e-07 -3.814697322468419e-07 -1.0
0.0 0.0 -1.0
0.0 -8.264025552762178e-08 -1.0
-3.948863991354301e-08 -6.839616162324091e-08 -1.0
-3.948870030967555e-08 -6.83961474123862e-08 -1.0
-5.3010005274245486e-08 -9.181636784205693e-08 -1.0
3.3036158697541396e-07 -1.907348377017115e-07 -1.0
