1 3 0
5 7 4
8 6 5
2 11 1
13 4 12
19 20 21
22 6 14
24 26 27
28 30 31
27 33 24
32 26 37
14 0 15
22 11 41
23 41 42
20 8 19
13 23 42
37 28 31
47 34 46
49 38 48
40 49 50
47 36 51
36 52 37
33 55 24
46 34 26
40 50 54
48 38 30
48 57 59
43 55 44
1 2 3
5 6 7
8 9 6
2 10 11
13 7 4
21 14 17
14 15 17
15 16 17
17 18 21
18 19 21
14 3 22
3 2 22
2 10 22
22 23 13
13 7 22
7 6 22
6 9 14
9 20 14
20 21 14
24 25 26
28 29 30
27 32 33
26 34 37
34 35 37
35 36 37
37 31 39
31 30 39
30 38 39
39 40 32
32 27 26
39 32 37
14 3 0
22 10 11
23 22 41
20 9 8
42 43 44
44 12 42
12 13 42
37 45 28
47 35 34
49 39 38
40 39 49
47 35 36
51 52 36
52 45 37
56 53 25
56 25 55
25 24 55
54 55 33
26 25 46
25 53 46
33 32 54
32 40 54
30 29 48
29 57 48
57 58 59
59 60 49
60 54 50
49 60 50
49 48 59
43 56 55
