-225.3987579345703 410.7376403808594 -15.00018310546875
-219.40597534179688 407.2777099609375 -15.000182151794434
-220.153564453125 405.9828186035156 -15.000182151794434
-222.653564453125 405.9828186035156 -15.000182151794434
-217.4083709716797 391.89788818359375 -15.000181198120117
-223.40115356445312 395.3578186035156 -15.000181198120117
-222.653564453125 396.6527099609375 -15.000181198120117
-220.153564453125 396.6527099609375 -15.000181198120117
-225.56622314453125 396.6078186035156 -15.000181198120117
-224.81863403320312 397.9027099609375 -15.000182151794434
-217.98849487304688 404.7328186035156 -15.000182151794434
-217.24090576171875 406.0277099609375 -15.000182151794434
-213.0782470703125 389.39788818359375 -15.000181198120117
-217.98849487304688 397.9026794433594 -15.000182151794434
-224.81863403320312 404.7328186035156 -15.000182151794434
-229.7288818359375 413.2376403808594 -15.00018310546875
-233.4788818359375 415.4026794433594 -15.00018310546875
-233.4788818359375 408.2894592285156 -15.000182151794434
-233.4788818359375 401.17620849609375 -15.000182151794434
-231.5590057373047 400.0677490234375 -15.000182151794434
-226.06863403320312 400.0677490234375 -15.000182151794434
-226.06863403320312 402.5677490234375 -15.000182151794434
-216.73851013183594 402.5677490234375 -15.000182151794434
-216.73849487304688 400.0677490234375 -15.000182151794434
-195.08787536621094 383.8177490234375 -15.0001802444458
-195.08787536621094 390.7376403808594 -15.000181198120117
-192.34268188476562 385.9828186035156 -15.000181198120117
-193.59268188476562 383.8177490234375 -15.0001802444458
-182.76736450195312 381.3177490234375 -15.0001802444458
-182.76736450195312 374.39788818359375 -15.0001802444458
-185.51255798339844 379.1526794433594 -15.0001802444458
-184.26255798339844 381.3177490234375 -15.0001802444458
-193.59268188476562 381.3177490234375 -15.0001802444458
-195.08787536621094 381.3177490234375 -15.0001802444458
-190.1776123046875 387.2328186035156 -15.000181198120117
-187.6776123046875 387.2328186035156 -15.000181198120117
-185.51255798339844 385.9828186035156 -15.000181198120117
-184.26255798339844 383.8177490234375 -15.0001802444458
-187.6776123046875 377.9026794433594 -15.0001802444458
-190.1776123046875 377.9026794433594 -15.0001802444458
-192.34268188476562 379.1526794433594 -15.0001802444458
-211.2481231689453 402.5677490234375 -15.000182151794434
-206.91799926757812 400.0677490234375 -15.000182151794434
-203.16799926757812 397.9026794433594 -15.000182151794434
-209.3282470703125 387.2328186035156 -15.000181198120117
-182.76736450195312 383.8177490234375 -15.0001802444458
-192.9228057861328 391.9876403808594 -15.000181198120117
-186.93002319335938 388.5276794433594 -15.000181198120117
-184.9324188232422 373.14788818359375 -15.0001802444458
-190.9252166748047 376.6078186035156 -15.0001802444458
-193.09027099609375 377.8578186035156 -15.0001802444458
-184.76495361328125 387.2776794433594 -15.000181198120117
-182.76736450195312 386.1243896484375 -15.000181198120117
-195.08786010742188 393.2376403808594 -15.000181198120117
-195.08787536621094 379.0111389160156 -15.0001802444458
-207.16319274902344 385.9828186035156 -15.000181198120117
-201.0029296875 396.6526794433594 -15.000181198120117
-182.76736450195312 371.89788818359375 -15.000179290771484
-182.76736450195312 365.0677490234375 -15.000179290771484
-188.9276123046875 365.0677490234375 -15.000179290771484
-195.08787536621094 365.0677490234375 -15.000179290771484
