-95.08787536621094 402.6593017578125 -15.000182151794434
-93.83787536621094 404.8243713378906 -15.000182151794434
-99.99813842773438 415.4942321777344 -15.00018310546875
-102.49813842773438 415.4942321777344 -15.00018310546875
-108.65840148925781 404.8243713378906 -15.000182151794434
-107.40840148925781 402.6593017578125 -15.000182151794434
-118.23371887207031 418.9093017578125 -15.00018310546875
-119.48371887207031 416.7442321777344 -15.00018310546875
-113.32345581054688 406.0743713378906 -15.000182151794434
-110.82345581054688 406.0743713378906 -15.000182151794434
-104.66319274902344 416.7442321777344 -15.00018310546875
-105.9132080078125 418.9093017578125 -15.00018310546875
-105.91319274902344 421.4093017578125 -15.00018310546875
-104.66319274902344 423.5743713378906 -15.000184059143066
-110.82345581054688 434.2442321777344 -15.000184059143066
-113.32345581054688 434.2442321777344 -15.000184059143066
-119.48371887207031 423.5743713378906 -15.000184059143066
-118.23371887207031 421.4093017578125 -15.00018310546875
-107.40840148925781 437.6593017578125 -15.000185012817383
-108.65840148925781 435.4942321777344 -15.000184059143066
-102.49813842773438 424.8243713378906 -15.000184059143066
-99.99813842773438 424.8243713378906 -15.000184059143066
-93.83787536621094 435.4942321777344 -15.000184059143066
-95.08787536621094 437.6593017578125 -15.000185012817383
-84.26255798339844 421.4093017578125 -15.00018310546875
-83.01255798339844 423.5743713378906 -15.000184059143066
-89.17282104492188 434.2442321777344 -15.000184059143066
-91.67282104492188 434.2442321777344 -15.000184059143066
-97.83308410644531 423.5743713378906 -15.000184059143066
-96.58308410644531 421.4093017578125 -15.00018310546875
-96.58308410644531 418.9093017578125 -15.00018310546875
-97.83308410644531 416.7442321777344 -15.00018310546875
-91.67282104492188 406.0743713378906 -15.000182151794434
-89.17282104492188 406.0743713378906 -15.000182151794434
-83.01255798339844 416.7442321777344 -15.00018310546875
-84.26255798339844 418.9093017578125 -15.00018310546875
