0.0 3.853457641866953e-08 1.0
0.0 7.603902929531614e-08 1.0
0.0 3.853457641866953e-08 1.0
-0.0 3.853457641866953e-08 1.0
0.0 7.603899376817935e-08 1.0
0.0 7.706915283733906e-08 1.0
-6.554423670479537e-11 7.667055967885972e-08 1.0
0.0 7.706915283733906e-08 1.0
0.0 3.853457641866953e-08 1.0
-1.8752835113759747e-13 7.603899376817935e-08 1.0
-9.503423032243899e-14 3.85344804954002e-08 1.0
0.0 3.853457641866953e-08 1.0
0.0 7.603899376817935e-08 1.0
0.0 7.706915283733906e-08 1.0
0.0 7.706915283733906e-08 1.0
3.985931307237678e-10 7.667055967885972e-08 1.0
