-248.3531494140625 413.55047607421875 -5.00018310546875
-323.6046142578125 413.55047607421875 -5.00018310546875
-323.6046142578125 401.17620849609375 -5.000182628631592
-248.3531494140625 401.17620849609375 -5.000182628631592
-248.3531494140625 488.80194091796875 -5.000188827514648
-235.9788818359375 413.5505065917969 -5.00018310546875
-235.9788818359375 488.80194091796875 -5.000188827514648
-235.9788818359375 401.17620849609375 -5.000182628631592
-335.9788818359375 413.55047607421875 -5.00018310546875
-335.9788818359375 401.17620849609375 -5.000182628631592
-323.6045837402344 488.80194091796875 -5.000188827514648
-335.9788818359375 488.80194091796875 -5.000188827514648
-323.6045837402344 501.17620849609375 -5.000189781188965
-335.9788818359375 501.17620849609375 -5.000189781188965
-248.3531494140625 501.24053955078125 -5.000189781188965
-235.9788818359375 501.17620849609375 -5.000189781188965
