0.0 -9.536743306171047e-08 -1.0
-0.0 -6.570858346321984e-08 -1.0
2.8266844864788254e-08 -7.544655034052994e-08 -1.0
-0.0 -6.254672513250625e-08 -1.0
-2.4930795916588977e-07 -6.254671092165154e-08 -1.0
0.0 -6.570856925236512e-08 -1.0
-0.16216862201690674 -9.257819044705684e-08 -0.9867631196975708
-0.16216862201690674 -6.171880073679858e-08 -0.9867631196975708
-0.16180197894573212 -8.61062900980869e-08 -0.9868232607841492
0.0 0.16105014085769653 -0.9869462847709656
-0.0007701500435359776 0.16105180978775024 -0.986945629119873
0.0 0.16180190443992615 -0.9868232607841492
0.0 -9.536742595628311e-08 -1.0
0.0 -9.536743306171047e-08 -1.0
0.0 -9.536743306171047e-08 -1.0
1.0184597949876566e-14 -6.570856214693777e-08 -1.0
3.282070792920422e-08 -6.254672513250625e-08 -1.0
0.0 -6.570856214693777e-08 -1.0
-4.6136367615190466e-08 -9.38200841460457e-08 -1.0
0.0 -6.254672513250625e-08 -1.0
0.0 1.8854358074804622e-07 -1.0
0.0 -6.570856214693777e-08 -1.0
-0.16180196404457092 -0.00037756850360892713 -0.9868232011795044
-0.1618019938468933 -7.547451730260946e-08 -0.9868232607841492
0.0 0.16180188953876495 -0.9868232011795044
0.0 0.16180190443992615 -0.9868232607841492
