86.84771728515625 342.6593017578125 -15.000178337097168
-11.598312377929688 342.6593017578125 -15.000178337097168
-42.09309387207031 342.6593017578125 -15.000178337097168
-72.58787536621094 342.6593017578125 -15.000178337097168
-92.58787536621094 362.6593017578125 -15.0001802444458
86.84771728515625 362.6593017578125 -15.0001802444458
86.84771728515625 281.66973876953125 -20.000173568725586
86.84771728515625 223.61495971679688 -20.00016975402832
-11.598304748535156 223.6149444580078 -20.00016975402832
-11.598312377929688 281.66973876953125 -20.000173568725586
-72.58787536621094 312.1645202636719 -15.000176429748535
-72.58787536621094 281.66973876953125 -15.000173568725586
-72.5878677368164 223.6149444580078 -15.00016975402832
-92.5878677368164 223.6149444580078 -15.00016975402832
86.84771728515625 312.1645202636719 -20.00017547607422
-11.598312377929688 312.1645202636719 -20.00017547607422
-42.09309005737305 281.66973876953125 -20.000173568725586
-42.163944244384766 312.0184020996094 -20.000167846679688
-42.09308624267578 223.6149444580078 -20.00016975402832
